25739ad1c56a511fcac86018ac4e49bb
23,32,52,23,26,17,38,39,26,27,38,28,23,24,20,30,31,24,29,44,22,25,33,42,58,30,40,86,32,38,67,89,60,74,67,41,56,49,56,60,53,45,64,44,69,61,54,76,47,64,52,37,69,43,83,82,80,56,61,77,81,94,63,89,83,74,71,75,93,68,71,57,91,105,92,82,85,102,93,98,98,76,101,79,78,84,74,81,81,87,85,66,100,95,121,89,102,79,103,97,103,108,135,89,90,83,84,89,100,155,125,81,57,80,88,114,104,80,84,88,102,86,131,190,179,114,109,102,116,92,105,107,92,72,123,116,99,106,90,67,92,97,104,77,88,100,88,166,95,99,93,118,146,91,108,120,111,120,126,118,121,123,155,184,153,134,132,93,140,125,120,145,124,147,110,116,153,128,168,157,133,129,107
3,4,7,12,2,29,2,8,7,4,2,14,6,6,4,6,4,1,4,5,7,46,14,3,1,4,8,10,7,21,7,19,12,7,11,31,13,12,10,4,9,4,10,6,9,12,9,9,4,6,11,6,2,10,11,30,12,9,12,13,24,18,12,12,5,11,23,4,8,10,19,5,10,14,17,15,10,14,3,16,15,16,9,8,16,6,12,5,11,13,8,4,11,16,11,14,15,16,13,16,23,12,27,12,16,55,11,18,15,14,15,22,4,10,14,28,17,16,16,14,8,21,46,40,31,23,12,19,11,11,10,21,26,43,26,13,13,15,9,9,11,7,17,17,20,12,11,13,15,11,12,12,19,15,12,27,16,23,14,20,21,21,113,25,22,17,30,17,23,49,22,26,14,57,91,24,22,21,17,20,34,25,26
1,1,0,0,0,0,0,0,0,0,0,0,0,0,0,0,0,0,0,0,0,0,0,0,0,0,1,2,0,1,1,0,0,0,2,0,0,1,1,0,2,2,1,0,1,5,0,1,1,2,0,0,1,2,3,1,1,2,1,0,2,1,1,0,0,0,2,3,3,3,0,0,0,6,5,1,3,0,2,3,0,0,3,2,2,1,3,3,3,3,1,2,1,2,4,1,2,0,1,1,1,3,11,1,4,1,2,4,3,3,2,3,0,2,5,6,1,1,2,1,3,2,5,7,4,3,2,1,2,1,2,1,6,2,1,3,4,2,2,3,4,3,2,0,2,2,3,0,3,1,2,2,9,3,5,4,4,0,4,2,4,4,1,3,0,2,1,2,6,5,6,4,2,2,0,2,2,9,3,8,1,2,3
ac43c6ce2f9df4adfbb05edd97cecbcc
436,511,491,479,450,464,422,401,388,469,368,406,416,413,540,540,415,409,464,473,390,440,438,444,465,452,472,431,398,398,478,488,504,484,508,448,560,498,534,510,541,505,532,518,613,503,497,536,547,661,598,570,510,545,619,592,569,485,579,586,614,533,512,595,611,626,560,521,537,512,567,566,612,573,624,578,614,600,518,627,698,668,563,696,622,587,631,606,591,574,598,596,522,620,631,603,620,544,549,577,601,532,578,617,554,591,684,647,658,631,609,606,508,599,646,618,668,574,546,621,668,641,670,670,618,686,631,625,677,661,629,670,567,621,698,682,687,654,639,552,504,667,564,631,596,569,578,563,592,596,618,617,640,611,587,617,742,638,722,647,564,657,686,741,700,627,666,617,599,710,732,627,666,719,640,636,624,771,621,661,628,658,640
148,157,176,99,118,128,85,61,85,89,73,97,77,66,184,128,102,80,87,59,72,75,71,79,55,64,58,81,61,64,97,78,102,154,68,134,109,73,59,65,107,69,79,104,96,76,77,87,61,145,101,85,69,66,75,76,63,58,92,97,87,92,70,93,110,100,89,117,99,110,153,179,89,103,62,65,73,81,75,74,227,147,105,118,113,67,62,67,79,80,55,84,58,78,64,56,71,118,75,113,61,55,68,98,83,76,190,67,78,92,71,68,82,85,82,62,108,65,83,141,79,93,141,84,202,81,95,95,62,84,93,80,91,51,85,99,107,67,70,72,63,80,115,71,67,68,128,96,75,330,57,91,86,65,56,84,99,108,98,86,90,96,75,112,89,79,139,132,95,110,88,96,66,111,119,130,92,59,82,84,84,80,141
0,0,2,1,0,0,1,0,0,0,1,0,0,1,0,0,0,0,0,0,0,1,1,0,2,0,0,1,4,3,6,4,10,5,7,3,3,4,2,3,2,7,7,8,6,6,5,4,3,9,5,3,6,9,11,6,7,5,12,12,7,7,8,7,9,8,7,3,8,6,5,5,7,11,5,4,9,7,1,8,24,6,3,12,10,6,6,6,1,5,8,2,12,9,7,5,9,6,8,3,5,21,4,9,5,6,5,8,7,11,5,15,5,13,10,5,7,10,12,13,4,8,11,5,5,12,7,12,12,5,11,3,10,4,6,13,5,7,6,5,7,5,9,9,9,7,8,5,8,5,6,4,12,7,11,4,10,12,7,5,7,6,4,8,7,4,11,13,4,9,10,3,8,4,6,9,12,6,4,9,6,13,4
34bc4bc49a725f2686a5cf9c89985798
76,237,67,48,40,22,62,67,67,36,66,55,58,94,81,78,80,35,38,47,76,43,57,68,127,93,54,50,81,62,71,75,106,86,95,77,86,89,80,96,95,115,106,98,83,82,61,98,81,91,94,72,104,49,79,128,108,76,85,62,66,81,127,135,106,99,90,68,82,96,123,75,97,108,89,118,167,186,133,102,94,55,86,117,140,95,112,107,85,97,118,168,138,80,80,70,65,108,100,58,89,103,64,150,100,118,78,98,120,75,65,150,122,73,98,107,61,113,147,171,122,164,153,124,162,113,144,88,221,112,82,218,122,131,133,198,173,189,144,181,109,136,137,165,130,192,123,175,87,194,206,81,100,167,201,82,179,176,108,195,141,155,95,137,116,105,120,161,127,120,129,144,102,99,164,153,146,122,145,64,156,207,193
16,7,10,10,12,14,18,6,4,16,19,3,11,6,5,6,4,6,7,10,24,6,10,17,11,15,10,16,9,38,13,12,15,27,27,12,10,13,5,8,9,8,19,6,8,7,8,12,14,15,3,19,10,5,7,20,15,5,3,2,7,7,14,19,24,26,11,8,9,15,15,203,2,8,10,13,26,21,14,10,8,7,4,24,10,24,6,15,20,11,10,11,16,3,8,8,7,14,14,15,4,19,9,17,10,12,21,7,11,17,12,13,4,24,14,4,17,4,9,53,28,25,9,18,21,16,27,14,22,16,13,23,10,7,25,29,10,12,8,16,8,10,8,8,14,5,8,7,3,8,6,183,19,19,10,6,17,42,10,20,17,24,25,22,16,23,31,17,7,19,26,23,17,10,10,7,15,32,51,18,35,26,21
1,1,0,1,0,0,0,0,0,0,0,0,0,0,0,0,0,1,0,0,1,0,0,0,0,0,1,1,0,0,3,0,0,1,4,1,1,3,3,1,1,1,3,2,0,2,4,0,4,1,3,0,0,0,2,4,1,2,3,1,0,1,3,4,3,1,3,1,1,1,2,0,3,4,3,4,5,6,1,0,4,2,1,1,2,1,3,2,3,2,8,2,2,5,2,1,1,3,1,0,2,0,2,2,2,5,1,3,5,3,1,3,2,1,3,2,3,0,1,5,1,4,2,2,2,7,2,4,5,4,2,0,2,1,1,6,2,1,5,7,0,4,1,2,1,6,7,3,4,5,4,3,3,6,4,1,5,1,1,0,9,3,2,5,6,7,1,7,1,4,3,4,3,0,3,2,4,4,6,4,6,6,7
c5eac1d455675dfbc99f6c70f7b3971f
26,23,68,51,29,25,98,46,32,70,42,56,24,167,7,16,22,14,84,49,52,128,16,16,7,12,42,32,17,15,23,17,15,79,41,30,16,40,68,33,34,19,55,13,58,65,69,36,64,42,48,26,24,38,33,45,60,67,26,28,24,54,19,12,59,52,10,55,24,20,16,53,49,69,28,66,33,35,42,41,18,31,25,37,16,23,31,72,40,20,27,46,29,37,28,27,34,75,24,124,70,66,33,22,27,39,51,20,55,44,30,36,36,73,77,42,41,47,37,32,38,50,32,58,72,52,33,54,48,70,31,39,83,98,30,27,26,18,41,37,30,44,35,33,32,59,42,37,38,33,32,29,92,27,20,19,22,41,22,39,65,48,18,35,68,26,33,33,42,15,12,30,23,16,23,19,29,53,13,21,33,24,35
3,2,6,4,3,2,3,33,11,15,25,34,6,62,4,16,1,2,3,4,1,0,0,0,3,0,7,1,8,87,10,6,19,4,239,2,7,6,7,1,26,1,10,19,17,9,16,11,7,48,15,6,10,10,6,11,3,3,4,0,1,6,2,2,4,13,5,2,3,22,1,2,2,1,3,8,52,4,1,4,15,26,6,0,1,26,45,2,8,1,17,0,21,2,5,3,0,3,2,64,2,3,3,2,8,8,1,4,2,10,6,4,9,5,15,17,13,5,5,5,9,3,12,12,5,8,6,14,35,18,8,23,121,17,2,9,1,2,0,4,31,12,50,1,9,3,103,12,2,4,10,39,3,2,9,2,31,2,3,9,178,0,0,3,11,7,18,25,4,0,3,3,4,2,2,5,1,15,5,135,12,23,16
0,0,0,0,0,0,0,0,0,0,0,0,0,0,0,0,0,0,0,1,0,0,0,0,0,0,0,0,0,0,0,0,0,0,0,0,0,0,0,0,0,0,1,1,0,0,1,0,1,0,0,0,0,0,0,1,2,0,0,0,0,0,1,0,0,0,0,2,1,1,0,0,1,1,3,4,0,1,2,1,0,3,3,0,0,0,0,0,1,0,0,0,2,0,0,0,0,2,1,0,0,0,0,0,0,1,1,0,1,0,0,0,0,0,0,1,2,5,0,1,1,0,0,2,1,1,0,0,1,0,0,1,0,0,0,0,0,1,0,0,0,0,0,0,1,0,0,1,2,2,3,0,3,0,0,0,12,2,1,0,3,2,0,1,1,6,0,1,0,0,0,0,0,1,1,2,4,0,0,0,2,0,1
1731019fbaa825714d5f8e61ad1bb7ff
97,123,102,119,107,124,157,133,123,210,227,120,157,198,204,164,207,375,277,255,251,213,328,420,525,531,527,544,498,563,457,504,437,428,403,406,393,473,459,417,481,435,372,400,442,456,459,451,449,433,401,404,457,405,386,384,403,373,455,421,386,366,347,383,357,379,351,345,339,371,307,279,351,372,371,350,353,292,318,321,338,335,288,313,293,337,339,441,445,509,518,459,460,446,581,551,617,558,458,452,414,416,451,446,460,495,562,415,389,415,435,381,341,319,391,379,388,375,374,326,349,393,329,416,399,293,352,341,406,286,306,374,365,308,374,345,374,408,349,280,308,329,348,350,349,355,386,297,348,292,390,349,343,260,244,334,338,288,338,303,277,277,305,375,419,351,380,345,340,369,379,700,626,555,438,416,421,422,412,413,391,383,330
6,14,23,22,5,61,25,18,74,22,10,21,17,17,12,19,73,100,40,44,29,91,84,172,163,103,134,138,182,184,152,98,73,71,68,61,91,48,52,83,33,62,51,65,51,52,60,51,67,60,43,50,79,58,34,37,34,73,45,86,48,53,44,66,41,37,41,35,46,47,56,40,35,89,94,47,33,51,38,22,92,23,28,32,33,42,71,59,103,63,106,75,55,87,83,91,83,81,92,59,50,61,49,46,44,49,39,75,37,49,85,61,65,50,47,34,54,33,47,58,31,36,37,57,66,60,46,44,37,44,54,28,53,63,39,59,53,47,45,49,41,56,38,40,61,46,43,37,45,31,76,36,29,92,50,32,31,44,40,63,52,62,35,47,128,51,52,35,41,52,56,110,151,133,95,74,61,40,52,66,38,51,153
0,0,1,0,0,0,0,0,0,0,0,0,1,0,1,0,2,0,0,0,0,1,1,1,1,0,5,4,2,8,3,4,2,5,6,19,9,6,1,3,2,1,8,7,6,3,9,9,7,8,4,4,2,3,11,5,5,2,1,3,3,3,8,7,3,2,4,0,4,4,8,4,8,5,2,2,2,8,2,2,4,8,4,4,0,4,9,3,5,8,4,7,5,7,5,13,7,7,10,5,4,3,5,2,2,6,6,4,4,7,0,5,5,1,2,10,6,1,4,2,1,2,3,2,7,3,2,2,7,4,5,3,1,13,3,4,5,1,1,4,5,4,7,5,4,9,8,2,3,0,3,2,6,2,9,7,5,13,5,4,4,5,7,6,6,2,6,1,5,5,1,14,6,9,4,1,3,3,6,8,2,5,7
f6e0f05fde7637afb8f8bc6bda74ca24
141,152,178,161,135,159,137,132,117,141,124,169,196,131,125,153,149,170,135,163,119,155,133,116,121,162,139,146,112,112,138,149,135,164,168,129,168,207,230,163,171,160,152,161,163,180,176,160,199,121,151,156,208,205,214,183,189,177,200,143,139,146,140,169,194,145,159,145,171,195,165,129,157,161,133,173,166,142,140,117,136,136,138,117,134,125,173,160,138,139,128,114,126,137,154,152,154,146,136,121,148,178,142,177,184,121,210,193,267,161,152,146,121,134,193,146,132,167,119,124,150,142,163,156,198,130,112,145,138,138,173,196,161,145,145,155,141,162,147,115,106,166,119,142,157,128,142,118,146,143,126,159,125,104,85,146,133,139,122,118,111,97,127,148,158,170,115,120,105,122,176,127,127,132,171,136,136,95,102,121,126,131,183
30,18,17,21,30,26,50,23,14,27,71,24,23,21,28,21,48,9,10,34,13,24,17,15,28,16,28,25,26,30,30,14,24,41,27,51,42,21,39,10,18,7,130,22,10,25,19,14,29,41,14,20,17,19,20,38,17,10,11,16,12,13,8,21,16,9,10,21,15,31,24,16,14,17,10,13,12,8,17,10,17,10,22,24,13,15,16,12,5,15,16,9,13,10,7,29,9,18,12,19,32,16,19,17,34,11,12,18,7,10,13,10,13,6,14,14,17,35,13,22,23,17,30,14,49,26,17,58,29,34,14,15,23,12,29,44,22,32,14,18,18,12,3,15,3,10,28,12,22,19,19,21,4,9,8,16,13,14,20,10,17,31,18,6,19,21,11,21,10,8,38,4,9,5,8,28,10,14,9,13,18,15,3
0,2,0,0,0,0,0,0,0,0,0,0,0,0,0,0,0,0,0,0,0,0,0,0,0,0,0,1,4,1,2,2,1,4,5,2,5,0,0,3,2,0,2,3,3,4,1,3,4,0,1,3,2,1,2,3,1,1,4,2,1,1,4,2,0,1,3,2,6,4,7,3,5,4,3,0,2,2,2,2,0,1,3,4,2,2,2,3,11,8,1,2,0,0,2,2,3,1,3,0,1,7,0,7,2,2,1,3,3,3,1,1,5,0,6,1,2,6,1,6,7,6,1,1,1,2,5,1,0,6,2,2,2,1,3,1,4,4,5,1,4,4,5,4,2,2,1,1,7,2,3,4,3,2,2,3,0,4,3,2,0,4,3,1,1,4,1,3,6,0,1,1,4,1,2,1,3,1,1,0,1,7,4
2b7fedeea967becd9408b896de8ff903
5,3,3,5,3,3,3,6,1,3,3,8,5,3,2,5,3,3,3,5,6,2,1,17,6,7,5,8,4,5,10,15,9,6,5,7,7,8,7,8,4,33,10,5,6,17,7,11,8,9,9,5,6,4,4,4,5,6,10,0,22,2,8,11,4,7,8,8,10,5,7,12,15,8,6,8,5,2,5,0,3,7,0,3,1,2,4,1,1,1,2,5,2,1,7,12,5,4,6,8,1,2,5,5,1,2,3,3,2,3,7,10,4,8,61,26,43,66,31,36,17,3,3,4,9,7,10,6,6,8,10,16,27,29,36,27,15,8,10,6,7,11,10,9,5,6,0,4,8,9,2,4,0,1,5,12,10,8,5,6,10,10,10,6,3,3,6,10,10,10,10,2,9,5,5,11,1,6,1,3,1,7,7
0,1,0,0,0,0,2,2,0,0,1,0,0,2,0,0,0,0,0,0,2,0,3,0,0,1,2,1,0,0,1,2,0,1,0,0,0,0,0,0,1,30,0,1,2,0,0,1,1,0,0,0,0,1,10,0,1,1,0,0,1,1,2,0,2,1,1,0,0,6,0,1,0,0,2,0,0,0,0,0,0,0,1,1,0,0,0,0,11,2,0,0,0,0,3,0,1,0,0,1,1,0,1,1,0,0,1,0,0,3,3,2,1,0,3,0,0,0,1,0,2,0,0,0,1,0,1,0,0,1,2,0,5,0,0,0,0,0,0,0,2,0,4,0,0,1,0,0,0,1,1,0,0,1,0,0,0,0,21,1,0,0,0,0,1,0,2,0,1,0,1,2,0,0,0,1,1,1,1,1,1,1,2
0,0,0,0,0,0,0,0,0,0,0,0,0,0,0,0,0,0,0,0,0,0,0,0,0,0,0,0,0,0,0,0,0,1,0,0,0,0,0,0,1,1,0,0,0,1,0,0,0,0,0,0,0,1,0,0,0,0,0,0,0,0,0,0,1,0,0,0,0,0,0,0,0,1,0,0,0,0,0,0,0,0,0,0,0,0,0,0,0,0,0,0,0,0,0,0,0,0,0,0,0,0,0,0,0,0,0,0,0,0,0,0,0,0,0,0,0,0,0,0,0,0,0,0,0,0,0,0,0,0,0,0,0,0,0,0,1,0,0,0,0,0,0,0,0,0,0,0,0,0,0,0,0,0,0,0,0,0,0,0,0,0,0,0,0,0,0,0,0,0,0,0,0,1,0,0,0,0,0,0,0,0,0
be0c7a23c2aa9afb45163995b9ec938c
216,279,376,343,311,344,360,299,317,305,397,327,351,327,303,336,336,403,406,322,360,406,328,420,331,315,412,301,390,291,373,426,496,394,516,386,432,492,454,486,450,531,360,453,372,479,549,664,534,509,457,427,460,485,617,392,408,472,551,491,476,546,381,500,472,789,789,852,709,578,589,553,506,598,514,582,542,570,478,465,471,562,464,482,512,547,552,685,572,553,615,577,634,566,600,567,1438,1697,1631,1895,1131,1172,1287,1199,1015,835,825,777,765,755,881,633,592,707,817,711,812,720,602,781,694,650,619,634,596,537,537,665,640,638,537,681,610,618,524,626,561,606,741,563,500,632,702,561,529,600,636,608,605,569,681,628,615,575,531,587,658,555,542,472,584,601,583,668,625,541,580,608,503,743,639,626,655,604,556,511,663,540,587,594,696,583,520
76,47,89,48,75,35,41,51,26,43,39,39,43,46,64,82,25,42,70,39,88,77,48,54,31,41,50,82,50,133,44,95,60,65,60,46,57,49,56,87,78,77,45,42,33,33,81,140,92,49,44,75,79,96,64,42,46,66,107,39,96,71,47,48,34,143,128,137,92,79,95,69,60,77,151,122,98,83,85,80,271,110,69,78,75,62,51,46,94,80,65,93,34,49,46,96,474,566,500,420,367,139,179,76,133,169,150,199,144,81,213,58,63,82,79,48,87,58,70,139,83,81,83,96,71,111,68,68,66,97,88,48,92,79,34,64,76,57,62,115,59,90,103,63,48,80,73,79,74,96,60,62,86,78,55,83,96,63,63,49,175,105,75,215,73,56,93,143,142,87,92,95,65,94,72,86,78,95,72,74,120,48,92
0,0,1,0,0,0,0,1,1,0,0,1,1,0,2,0,2,0,1,0,1,0,0,1,1,0,1,1,2,0,2,1,4,2,1,4,1,6,5,4,2,3,3,4,8,9,12,6,2,6,3,3,2,7,4,4,5,7,4,8,5,1,2,3,3,8,5,6,7,5,7,6,2,7,3,3,8,12,2,1,4,6,6,4,10,9,7,0,2,11,2,4,9,0,11,5,19,36,18,10,14,9,10,7,8,10,7,7,17,10,5,9,5,16,7,3,5,7,2,9,6,4,9,16,8,4,3,9,12,1,9,4,6,2,7,2,3,4,5,5,9,3,5,15,3,8,7,23,17,3,4,8,2,5,5,3,9,6,7,3,7,8,2,1,4,3,5,6,6,4,2,11,7,8,5,6,3,1,7,5,9,29,10
03c6699ea836decbc5c8fc2dbae7bd3b
304,275,291,3993,5769,2740,1676,1448,1563,1578,3111,3232,2063,1436,1370,1515,1595,2808,2507,2400,2144,2136,2305,1724,3464,5462,4223,2895,3124,3408,3302,2234,1949,2239,2490,2221,2105,1970,2463,1937,1831,1370,1618,1546,1441,1544,1309,1233,1182,1412,1069,874,848,950,740,936,861,1038,1027,845,976,1112,1155,831,1053,828,869,976,882,964,1013,604,810,702,792,692,812,867,799,866,717,851,789,727,893,1127,847,787,799,802,717,868,1068,950,702,792,787,672,685,697,838,634,829,778,743,728,755,1305,936,800,937,735,590,816,828,652,631,710,689,649,836,747,568,551,772,688,758,607,749,837,669,654,784,728,600,753,786,708,570,616,742,717,844,633,511,395,744,458,436,656,787,572,500,632,724,702,641,607,641,531,503,566,868,710,725,908,852,732,618,1169,887,700,502,798,455,634,459,510,588,607,484,423,386
55,34,41,1400,1704,480,370,241,371,370,747,702,451,360,440,380,587,763,928,469,435,653,345,497,1345,2070,1411,922,1009,951,899,691,634,862,1004,622,647,580,816,324,300,189,186,294,265,57,128,115,94,180,45,170,103,91,60,128,121,201,103,113,199,226,129,129,167,138,129,144,142,89,79,187,110,87,73,233,86,148,133,59,98,189,78,227,113,166,81,93,108,116,156,88,109,86,95,21,109,77,54,109,63,74,161,70,95,82,163,271,279,149,72,147,123,110,67,73,108,127,190,128,154,122,139,117,60,177,63,45,171,121,125,84,97,66,80,243,156,70,52,70,102,112,101,61,61,72,33,177,65,207,69,88,49,135,217,66,87,57,42,72,83,107,136,66,171,119,84,80,88,164,95,79,57,38,37,83,53,32,55,71,78,54,72
1,0,0,3,3,2,0,1,0,0,2,0,1,2,3,0,0,2,1,5,3,3,0,0,1,2,8,6,14,5,28,20,9,13,16,34,20,13,23,7,13,12,11,10,8,6,13,10,3,7,3,1,7,7,2,3,12,5,12,7,4,10,8,6,25,11,4,0,5,4,2,3,4,4,3,5,4,9,7,8,2,5,5,7,19,5,6,2,2,1,2,7,6,0,9,7,21,5,4,8,7,7,20,1,4,1,5,6,2,5,6,8,4,15,2,2,10,8,3,5,3,2,8,9,5,3,4,2,3,12,3,1,4,2,2,6,7,6,5,2,1,5,12,4,4,9,5,6,4,14,4,6,17,10,6,7,1,5,3,3,2,7,8,8,12,15,5,1,10,27,12,6,5,12,9,4,5,3,11,7,2,5,7
2e14d32266ee6b4678595f8f50c369ac
1132,1164,1223,1355,1228,1134,1256,1100,1070,1078,1315,1269,1377,1394,1355,1282,1302,1238,1207,1383,1274,1159,1157,1363,1414,1353,1374,1194,1386,2152,2531,2120,1886,1725,1763,1577,1864,1637,1583,1781,1723,1717,1546,1483,1561,1589,1462,1570,1692,1633,1513,1626,1601,1565,1551,1652,1711,1535,1733,1749,1710,1566,1489,1611,1627,1610,1814,1585,1681,1530,1659,1474,1721,1646,1642,1938,1495,1495,1547,1695,1750,1814,1865,1737,1748,1631,1699,1719,1783,1561,1410,1556,1593,1647,1611,1799,1511,1619,1476,1515,1698,1536,1486,1784,1465,1562,1427,1517,1524,1575,1591,1373,1663,1927,2008,2086,2483,1911,1773,1765,1799,1853,1664,1908,1927,1763,1732,1730,1734,1739,1727,1811,1659,1627,1754,1804,1925,2105,2009,1718,1857,1700,1898,1700,1627,1749,1562,1525,1578,1753,1592,1743,1737,1502,1548,1588,1740,1603,1800,1879,1823,1635,1830,1657,1917,1558,1731,1660,1677,1777,1673,1612,1927,1953,1544,1744,1846,1596,1715,1691,1726,1686,1659
298,260,281,317,220,331,323,290,425,320,256,267,352,285,430,392,494,253,243,217,268,375,321,263,388,370,524,481,554,1021,856,565,347,429,585,699,374,416,404,344,415,336,374,310,504,296,531,228,364,271,416,305,241,381,407,404,466,290,239,434,225,683,321,573,269,390,282,397,244,345,385,200,329,231,430,263,371,378,305,406,279,311,217,362,395,237,225,228,341,301,340,225,212,193,261,373,226,269,437,326,422,211,271,260,252,266,273,208,316,251,239,678,326,386,293,400,489,372,398,367,286,333,442,451,373,310,299,296,388,391,373,392,383,448,430,871,462,388,269,387,438,370,295,438,322,265,332,465,390,323,347,321,363,471,290,443,287,401,386,445,491,401,341,369,393,414,289,267,413,397,296,741,321,485,389,475,358,326,444,345,438,464,362
0,0,0,0,1,4,0,2,1,3,3,2,0,2,3,1,1,2,1,2,1,11,2,1,2,1,0,6,5,29,41,22,14,13,34,21,26,22,13,19,17,14,30,12,34,15,18,25,15,28,20,11,19,15,19,20,18,21,25,21,11,16,16,11,17,19,13,9,17,18,34,14,26,23,30,18,22,33,27,23,22,25,25,32,30,24,15,19,31,23,12,21,22,15,23,20,21,21,22,17,20,19,14,21,19,25,43,21,12,18,8,30,30,39,68,28,41,17,27,29,11,10,14,15,24,18,19,19,34,29,18,16,23,18,30,29,21,26,23,38,21,25,18,20,24,32,19,55,20,22,17,25,26,34,25,22,20,22,24,40,35,25,26,24,16,25,34,32,17,24,31,20,21,43,30,24,18,24,23,24,23,28,28
e087f8842fe66efa5ccee42ff791e0ca
43,88,111,245,151,201,83,80,88,83,64,94,61,77,84,62,78,67,112,174,80,106,106,53,82,58,94,86,89,78,68,78,65,74,63,84,73,77,61,83,78,59,70,58,185,155,56,61,122,46,67,77,152,238,139,100,97,86,85,174,65,64,50,58,114,49,58,56,55,56,57,55,68,79,71,70,57,69,55,54,53,62,57,71,71,99,79,72,120,90,160,51,100,109,99,83,78,92,113,91,57,78,47,68,119,146,126,74,74,160,130,97,75,134,113,73,130,145,103,100,93,191,86,90,73,72,86,74,85,134,128,61,72,79,86,78,65,91,59,70,74,73,66,60,129,39,54,132,78,70,95,50,67,75,71,101,85,73,58,58,47,83,68,71,65,70,43,39,39,58,64,70,61,55,105,84,56,58,67,64,91,55,61
8,61,83,19,69,46,17,32,16,18,139,23,42,30,6,15,33,4,4,17,7,7,4,8,6,6,24,14,4,31,12,31,22,14,4,4,26,2,7,48,18,13,3,50,44,29,43,90,23,26,19,19,26,19,17,27,5,8,9,17,2,26,3,16,20,30,31,4,9,5,4,6,6,6,7,11,86,6,10,17,9,4,3,14,11,18,39,168,36,17,17,15,17,13,16,11,8,24,10,7,36,7,6,11,32,32,5,6,1,120,91,10,37,17,13,22,18,8,40,7,46,23,19,23,8,6,19,9,24,69,42,60,56,35,27,12,10,10,3,18,14,7,11,8,17,5,14,66,42,31,8,18,6,34,11,24,34,3,7,9,49,6,13,2,34,18,9,9,5,41,58,6,4,4,28,17,292,7,6,2,6,9,7
0,0,4,0,0,0,0,0,0,0,0,1,0,0,0,0,0,0,0,0,0,0,0,0,0,0,0,1,0,1,1,0,1,0,3,0,2,4,0,0,0,2,1,0,1,2,0,3,0,2,0,0,3,0,0,3,0,4,2,4,1,0,0,0,2,1,2,1,0,0,2,0,2,3,1,3,1,0,0,2,0,6,2,1,1,5,5,2,4,2,7,0,3,1,1,6,2,2,2,6,5,3,0,1,0,1,4,1,4,0,7,1,2,2,0,1,5,0,1,1,3,4,1,3,1,1,9,0,1,2,2,1,5,1,0,1,2,2,1,2,1,0,2,1,1,1,5,2,0,0,2,0,1,1,1,0,7,1,3,0,0,0,1,0,4,4,0,1,0,0,1,1,0,1,21,1,1,1,6,0,4,5,0
33fd0a2cfcfd24e114707bba71ca1de9
53,35,61,58,68,73,86,81,97,107,79,79,83,96,79,74,86,58,67,59,55,68,88,80,96,93,77,85,90,86,80,86,108,101,111,88,87,82,97,86,123,75,91,84,107,93,89,88,83,99,87,96,114,104,79,120,117,129,133,159,114,95,96,127,109,102,128,87,91,97,130,85,98,105,90,208,168,139,178,110,141,137,156,115,162,148,116,131,162,116,127,148,118,144,114,104,133,107,158,158,147,140,112,111,120,119,97,105,120,88,132,101,113,136,132,131,130,139,125,153,145,186,126,158,104,123,114,136,123,150,153,132,121,137,129,132,120,109,140,89,115,130,108,113,102,101,128,110,125,162,118,117,124,122,95,110,138,122,148,94,89,104,107,120,125,145,117,120,105,109,119,127,152,139,95,103,129,104,191,154,135,141,135
19,14,21,21,15,10,15,20,18,31,24,14,24,31,23,22,15,27,21,26,20,20,23,16,23,19,24,9,23,33,19,16,20,25,16,33,15,24,24,17,25,41,25,17,28,17,16,28,30,29,24,30,25,14,42,37,27,17,30,19,19,21,27,35,15,12,48,25,17,20,18,31,29,33,23,87,36,24,11,28,21,57,33,44,28,23,17,14,42,19,27,25,29,12,23,31,18,31,17,24,17,23,15,14,18,25,7,13,20,33,30,18,13,24,8,21,17,31,21,22,27,19,24,24,49,17,23,22,25,29,32,29,25,26,31,17,36,20,13,33,30,16,21,25,30,30,32,14,23,24,25,21,15,16,10,16,21,18,46,20,16,31,17,23,29,10,15,20,30,25,15,14,17,25,16,24,32,20,33,51,55,26,27
0,0,2,0,0,1,0,0,0,0,0,0,1,0,1,0,2,0,0,0,0,0,0,0,1,0,1,1,0,2,0,5,2,2,0,1,6,1,1,0,0,6,2,1,1,2,5,5,2,7,3,2,3,5,3,1,3,5,2,3,0,9,3,6,5,6,3,2,2,3,4,5,4,1,3,11,9,10,6,6,1,3,3,3,5,4,1,5,0,6,10,4,1,3,1,3,1,5,4,9,4,8,4,2,3,5,3,5,5,4,3,2,4,3,3,0,4,2,8,6,4,3,2,3,0,6,3,3,3,6,4,2,4,6,4,5,5,6,4,4,3,2,3,7,4,8,1,4,5,6,3,4,4,3,2,3,4,3,4,4,4,2,3,11,5,10,2,4,5,7,4,7,5,9,5,2,3,2,8,7,7,2,10
f5a5373f30de984e9142a206f94a2f46
73,57,50,65,65,67,63,60,53,47,42,55,58,58,54,57,58,51,62,64,76,68,76,78,70,67,75,75,64,73,70,69,96,134,103,125,110,101,91,91,116,101,99,79,105,107,97,101,109,85,71,118,110,116,115,109,105,99,105,102,95,85,96,127,84,98,107,92,113,115,100,90,112,124,129,123,138,89,96,122,93,108,100,89,92,102,97,118,115,105,88,80,103,82,88,97,103,110,99,83,101,94,90,76,92,96,113,89,106,113,106,95,113,106,100,108,94,118,93,88,106,124,162,152,128,73,88,102,114,66,88,160,92,98,107,133,99,101,120,139,102,103,114,124,145,114,113,91,116,125,111,115,120,119,125,129,113,142,120,110,105,119,121,135,146,116,127,126,134,137,152,164,132,134,136,117,164,163,132,140,138,137,136
21,9,9,12,15,11,12,13,13,10,14,20,11,11,11,15,11,17,22,20,23,15,12,28,16,12,23,25,28,40,9,12,31,31,27,22,23,17,18,18,19,28,21,18,27,13,11,16,28,15,23,17,40,20,19,15,10,15,14,15,15,20,15,51,17,28,12,13,16,14,21,20,20,13,17,15,30,16,19,22,23,11,22,28,19,11,14,9,12,19,19,15,12,12,23,15,19,27,13,16,17,16,17,29,12,17,26,17,10,23,14,19,24,10,11,11,10,46,22,16,19,16,32,12,18,27,13,13,19,22,10,26,25,17,23,37,21,11,20,21,20,18,12,17,14,14,15,16,14,25,10,23,21,22,8,17,8,11,8,9,11,20,18,17,38,13,34,21,9,21,10,15,15,31,17,13,22,14,22,29,18,13,15
0,0,0,0,0,1,0,0,0,0,0,1,0,0,0,0,0,0,0,1,0,0,0,0,0,1,0,1,1,1,1,1,3,2,2,1,0,4,2,4,1,3,5,3,1,2,1,2,4,5,2,2,6,3,3,2,0,5,7,2,0,2,3,1,1,3,4,3,4,1,5,3,5,2,3,3,5,3,1,1,1,3,0,3,4,3,5,5,3,3,2,0,0,4,2,2,1,3,1,1,3,2,2,3,1,1,5,3,1,3,1,2,3,4,2,1,3,3,4,7,3,9,2,2,2,1,1,6,3,3,4,5,5,2,1,4,3,6,4,5,1,1,2,4,11,1,2,5,2,5,2,3,4,5,1,4,6,5,1,3,3,3,4,8,6,4,3,6,5,3,5,5,4,5,7,3,1,4,4,4,1,13,5
97de6333157f35467dff271d7afb0a23
221,375,527,525,581,503,456,358,500,535,688,835,712,587,672,612,610,509,636,562,583,657,679,476,564,574,513,479,542,554,519,827,698,697,427,591,455,725,625,716,594,618,588,538,635,611,688,706,644,597,680,698,699,731,515,546,510,655,509,472,578,546,422,519,456,476,480,508,485,398,390,489,536,512,446,503,311,361,453,448,449,438,482,348,273,430,397,311,362,352,330,319,317,303,295,292,312,309,309,359,391,351,337,357,257,239,338,294,360,326,292,225,214,285,297,224,246,281,262,242,247,272,274,305,273,212,241,275,295,266,326,353,233,244,268,238,295,221,365,188,198,248,264,206,230,310,198,178,229,226,235,275,246,232,214,211,264,251,263,239,206,238,253,232,214,256,247,347,191,214,317,201,196,194,183,152,206,236,244,315,214,207,186
25,71,213,156,160,138,131,114,184,136,178,176,144,125,193,77,109,176,109,66,61,100,87,60,70,42,216,65,58,98,165,88,106,88,229,82,128,93,60,101,67,62,71,102,65,60,103,75,80,77,60,104,101,111,67,36,59,65,63,122,44,61,42,60,41,32,27,31,36,66,27,14,34,43,40,12,15,45,57,44,28,28,38,15,25,34,72,14,30,26,18,29,18,16,28,22,37,26,23,29,19,41,40,117,35,37,28,69,40,22,33,22,23,15,18,10,30,36,43,31,20,48,135,32,20,36,16,22,58,19,32,25,28,19,15,23,33,15,17,14,25,25,29,17,25,26,11,17,23,19,32,54,19,120,23,14,21,26,25,25,17,40,19,9,17,24,12,16,22,25,22,13,23,11,18,17,25,23,41,18,13,27,30
1,1,0,4,0,1,0,0,0,0,0,0,1,0,0,0,2,0,0,1,1,1,0,0,0,0,2,0,0,1,6,22,11,10,2,9,10,9,7,7,7,2,11,3,9,5,6,7,9,2,6,3,5,11,7,7,4,9,7,10,25,7,6,2,0,5,4,5,6,3,29,16,5,8,6,3,1,4,5,2,2,2,2,6,6,4,4,5,13,3,9,37,2,3,2,6,3,1,2,2,3,6,5,4,4,5,1,2,9,4,2,9,2,1,5,4,2,2,2,7,4,7,0,4,2,4,5,6,6,2,0,3,3,2,3,0,1,1,1,2,2,1,4,5,0,4,1,2,3,0,8,6,4,4,1,7,3,7,2,1,0,3,3,1,5,2,2,8,2,8,7,1,2,1,3,2,3,5,4,5,3,0,5
8da51d03b8b8717431e8b902856fb45e
426,335,404,461,403,427,353,339,337,471,556,414,518,515,521,548,456,459,466,488,454,519,415,408,407,537,548,455,510,551,579,545,605,615,673,650,696,611,617,652,657,600,562,570,613,840,738,649,907,727,643,721,672,733,709,654,592,693,611,626,672,722,592,609,587,620,685,679,672,655,562,629,676,822,950,946,862,933,851,881,832,836,739,788,766,747,762,809,827,761,706,742,792,794,776,818,792,729,733,749,754,855,815,790,669,754,715,689,705,819,749,609,615,764,742,728,745,761,751,713,693,803,759,815,768,755,722,813,831,777,792,777,766,786,733,760,719,768,721,606,709,784,756,844,759,734,683,759,730,721,754,695,613,675,664,653,699,825,799,691,677,747,751,860,773,749,741,711,783,750,760,816,767,809,694,808,725,786,768,748,714,658,661
104,50,73,112,108,61,45,77,71,130,84,73,110,105,144,80,77,74,46,58,80,104,64,32,59,68,103,75,109,143,98,78,97,143,120,183,108,94,78,66,122,72,73,101,60,109,75,88,92,116,81,117,79,120,67,56,74,70,80,82,66,79,92,91,115,76,188,114,79,79,68,68,110,253,266,274,149,143,135,112,107,110,103,139,114,78,156,105,115,112,72,110,85,129,63,77,87,74,88,133,138,105,152,115,160,89,79,74,73,110,72,61,74,164,109,97,84,130,107,112,83,95,96,61,148,120,105,104,94,130,91,93,137,127,82,79,92,138,82,87,122,137,73,79,69,81,73,68,112,76,73,103,87,72,55,63,110,75,106,69,80,109,150,105,148,85,112,104,123,86,81,97,79,118,135,122,180,81,82,74,77,88,108
0,0,0,0,0,0,0,0,1,0,0,0,0,0,0,0,1,0,1,4,0,0,1,0,1,1,0,1,3,2,7,12,6,11,15,12,9,11,12,7,11,6,11,4,6,17,7,7,11,5,8,8,9,9,14,8,12,11,7,6,15,6,6,4,12,10,14,11,14,8,4,16,9,19,18,15,13,10,10,11,8,13,10,9,16,6,11,15,11,15,11,16,16,27,15,17,9,16,8,17,7,12,10,4,6,12,8,6,12,6,10,5,12,12,8,15,10,9,16,6,7,13,17,12,10,17,8,11,15,12,9,10,13,18,10,15,13,9,11,10,9,16,20,7,13,15,12,14,11,12,11,11,11,7,12,12,8,14,26,12,6,4,15,9,9,9,6,19,13,9,12,8,8,13,12,14,9,17,7,13,13,14,8
b7522cc91cf57ada15de2298bfd6a3ee
225,316,328,255,264,253,248,269,236,218,257,247,257,253,280,248,270,214,252,265,226,253,217,282,199,221,256,277,247,228,275,274,271,291,316,282,300,274,331,328,282,272,322,221,285,277,295,262,277,295,306,265,302,282,309,293,268,295,284,286,270,228,241,284,280,239,245,250,263,263,263,264,298,1116,1648,1294,821,567,448,462,535,455,459,425,420,393,461,402,419,445,336,300,325,355,395,331,292,275,321,320,336,265,224,288,248,275,236,317,256,281,270,235,231,335,268,259,273,278,294,288,277,269,297,316,284,294,242,289,359,258,276,232,278,247,256,248,315,309,307,231,315,280,241,325,302,312,516,515,506,512,493,442,474,528,518,491,439,452,428,445,431,395,421,428,478,378,408,408,411,450,406,465,492,388,361,426,336,363,408,410,353,374,320
71,96,52,57,66,51,62,39,53,90,32,41,39,37,48,122,55,26,77,69,41,58,34,40,64,57,93,32,65,39,43,41,69,36,40,34,45,38,47,44,33,32,65,66,41,48,74,42,71,65,70,45,63,32,31,38,36,38,30,32,39,32,28,21,21,44,36,32,39,32,48,34,55,244,319,261,114,148,66,70,79,71,91,62,125,129,51,64,65,66,44,38,42,34,46,48,31,47,48,56,31,29,35,22,39,43,32,60,42,39,37,34,26,50,35,36,31,55,93,41,32,48,39,33,41,46,171,38,60,43,28,39,65,305,42,42,45,42,33,39,62,50,37,36,39,94,212,107,95,78,69,135,85,97,61,60,81,63,71,96,61,69,29,70,63,145,55,37,60,52,45,42,55,69,78,53,34,36,49,44,57,52,49
0,0,0,0,0,0,0,0,0,0,0,0,0,0,0,0,0,0,0,0,0,0,0,0,0,2,1,0,1,1,1,2,7,3,2,2,6,4,2,3,4,2,2,1,5,2,5,7,4,7,5,5,2,2,5,4,4,2,3,2,4,7,4,3,1,4,4,3,4,8,6,2,5,22,25,20,12,6,6,6,7,8,7,6,3,2,2,3,7,7,6,11,5,2,7,3,3,7,2,2,14,1,5,0,6,4,4,7,5,5,5,2,2,3,0,2,1,2,6,5,9,5,2,6,6,1,2,1,3,5,3,4,3,6,3,6,6,8,6,4,2,2,5,3,3,7,17,14,13,9,4,5,7,13,9,8,9,5,12,4,6,4,3,4,12,4,7,9,6,8,4,6,7,6,7,7,3,4,4,8,4,4,6
40bbb0da5570702dd6ff3af5e9e3aea6
532,540,594,574,625,523,556,624,557,646,583,788,693,762,707,519,551,513,573,601,558,537,541,526,563,540,493,558,607,627,636,690,696,730,555,551,620,703,804,669,674,745,778,693,621,613,624,655,665,688,605,610,687,673,678,620,616,622,714,587,655,552,551,655,660,705,630,674,672,594,690,653,667,698,641,616,599,712,676,635,725,900,764,605,624,769,789,712,756,672,664,612,635,654,701,653,668,633,645,638,641,672,644,640,596,636,767,690,707,675,701,568,615,669,705,689,646,653,642,751,726,711,712,806,696,679,708,649,766,686,694,722,671,696,711,687,588,666,725,636,640,616,690,721,698,738,566,615,594,715,692,651,673,583,729,658,636,703,804,721,737,724,788,806,780,747,819,758,679,780,796,827,857,898,888,758,828,814,780,849,870,795,802
69,83,63,70,67,53,51,57,113,65,54,110,86,68,104,53,62,114,87,103,93,102,59,90,130,62,91,91,65,84,85,106,95,122,81,177,87,74,48,141,81,79,65,64,67,69,82,70,67,70,64,67,60,82,122,48,86,50,57,106,98,66,102,81,56,57,63,63,58,54,92,65,61,74,65,76,89,98,78,67,98,132,92,104,76,92,113,77,94,83,73,88,74,67,90,89,50,57,116,72,100,104,80,77,54,64,51,141,44,71,60,116,69,121,48,69,53,92,91,95,96,105,62,93,59,92,82,74,44,75,122,110,68,80,93,98,68,132,63,57,77,90,83,71,70,68,59,85,62,61,60,78,68,85,84,48,118,73,105,93,99,79,69,71,104,81,96,52,86,78,90,62,81,89,109,156,106,73,152,93,109,175,103
0,0,0,0,0,0,1,0,1,1,1,0,0,0,2,0,2,0,2,2,0,0,0,1,1,0,1,1,0,4,12,7,12,10,6,8,11,10,7,7,8,7,8,10,4,11,16,5,10,7,6,6,20,8,2,6,7,9,11,4,6,6,11,4,5,12,10,12,3,8,14,4,14,6,14,10,15,9,9,1,4,13,5,14,8,6,8,5,9,4,7,8,8,7,10,8,6,13,10,14,10,5,7,8,11,3,6,10,3,8,8,5,7,9,10,8,10,6,8,6,10,8,10,10,4,9,8,19,7,13,12,10,10,14,12,12,6,9,4,4,7,10,11,9,8,9,6,12,5,13,7,12,7,16,7,10,14,11,10,9,10,6,7,9,12,18,15,14,15,12,11,18,12,11,13,8,10,10,12,10,13,14,19
e6e2fff03cc32ee9777de2c2ed5bac30
86,82,65,60,94,84,87,83,87,83,80,87,90,88,111,94,108,123,89,111,103,101,105,108,129,114,111,118,109,112,105,173,147,134,132,117,95,148,129,158,156,154,125,134,93,127,152,148,167,140,167,131,165,146,133,177,174,132,144,160,133,100,148,127,133,118,142,112,107,136,127,149,172,148,192,139,180,157,144,163,155,164,172,171,166,154,140,185,136,147,147,150,132,135,176,162,159,151,178,130,109,143,120,128,150,201,149,157,147,130,136,115,135,166,176,150,154,171,199,191,176,169,186,241,175,174,198,170,152,160,202,242,175,185,250,235,192,209,176,182,220,197,152,192,201,190,254,213,206,166,225,186,169,182,170,167,172,171,183,166,244,191,159,156,163,157,166,176,161,181,185,183,192,177,172,228,192,191,203,253,299,197,217
36,11,50,72,35,25,6,5,15,24,15,19,22,24,27,29,38,22,92,22,19,38,22,43,19,15,32,19,25,13,21,33,60,29,29,51,34,29,24,15,18,30,26,19,41,40,37,23,31,28,31,24,20,22,17,32,38,25,35,62,15,14,18,7,19,23,17,16,51,21,26,16,16,14,38,16,40,25,23,20,102,98,27,46,32,19,19,24,15,7,15,53,16,20,16,29,15,34,23,15,19,17,21,12,26,23,28,25,22,43,17,13,36,42,47,21,301,25,73,34,17,32,31,39,40,45,23,26,23,45,30,39,30,53,32,87,51,28,57,20,34,46,27,53,48,26,41,54,66,32,41,114,26,33,22,67,33,37,46,19,28,27,25,65,20,16,44,62,63,38,59,34,80,153,20,32,31,37,53,60,51,41,59
0,2,0,0,0,2,0,0,0,0,0,1,0,0,0,0,0,1,0,0,0,1,0,0,0,0,0,1,0,0,0,3,2,2,2,1,1,1,0,1,2,1,1,2,2,1,1,1,1,3,1,4,3,5,2,2,0,0,4,5,0,3,1,1,1,3,1,2,2,3,0,0,1,2,4,3,7,3,2,3,0,2,1,3,0,4,0,3,0,0,4,1,1,3,4,3,5,3,4,3,3,7,0,2,4,3,2,5,2,1,1,1,2,2,1,4,3,1,6,1,3,2,5,3,2,3,8,5,2,2,3,1,2,3,8,1,3,2,1,3,2,1,0,3,0,3,7,1,2,1,2,4,4,2,0,5,4,6,3,2,4,5,2,5,4,2,4,6,5,4,5,4,4,4,2,4,4,4,2,1,1,7,3
53dd7de874e0999634c28cdd94d21257
59,76,68,87,82,90,92,74,79,87,100,79,71,64,54,79,54,62,82,87,62,66,83,93,83,121,132,92,83,92,67,78,63,91,92,85,89,79,91,94,81,78,92,108,82,103,107,100,78,98,85,118,103,94,97,80,118,111,85,113,116,91,103,87,157,120,118,102,112,100,93,84,120,140,104,163,105,107,139,121,163,108,138,116,125,98,121,138,100,105,115,96,139,132,102,98,125,93,103,109,107,84,120,115,101,115,158,122,104,126,106,110,71,84,97,88,77,79,69,95,85,104,76,85,82,86,68,94,90,93,102,66,81,105,141,115,116,105,100,100,92,95,79,92,98,106,92,97,72,91,105,77,87,86,92,98,108,99,119,122,93,105,109,106,215,203,193,131,125,150,155,139,135,189,157,137,147,180,158,174,172,159,172
13,17,8,6,5,10,11,20,7,10,4,8,14,12,5,11,9,9,12,10,11,20,11,11,12,52,9,6,27,12,2,10,15,12,10,19,14,16,17,12,8,7,16,11,23,5,13,10,9,16,12,12,4,11,6,11,10,9,13,12,19,6,38,7,5,13,12,13,10,10,19,13,16,9,23,14,9,18,14,5,56,8,14,4,5,12,7,11,30,9,12,8,8,21,4,6,15,14,25,6,8,21,13,36,15,19,12,6,7,8,9,19,11,12,6,5,3,12,10,15,5,9,7,3,8,7,13,16,37,10,12,4,11,22,15,26,14,14,11,16,9,8,8,2,11,9,8,1,8,5,21,9,18,61,15,7,16,10,6,11,14,16,6,8,74,39,33,24,16,29,15,16,25,39,31,24,17,33,42,30,56,44,32
0,0,0,1,0,0,0,0,0,0,0,0,0,1,0,0,0,0,0,0,0,0,1,0,0,0,0,0,0,1,0,1,3,1,0,4,2,4,0,1,1,1,1,4,1,4,0,1,1,2,3,0,2,1,4,1,2,1,2,1,3,3,0,1,0,0,2,0,4,1,1,3,6,1,2,0,3,2,3,2,1,3,6,0,1,4,3,2,0,2,1,1,2,4,0,2,5,3,4,2,2,0,2,1,1,0,3,2,4,0,2,1,2,1,0,1,1,5,2,2,0,4,1,2,1,1,1,3,3,6,1,1,1,3,2,2,1,2,3,3,2,2,4,1,1,1,1,2,0,0,3,0,5,3,5,4,0,1,1,4,1,2,2,2,2,3,4,3,1,1,6,4,6,9,3,1,2,7,2,1,4,6,3
ffd47cf9cb66d226575336f0fa42ae25
170,70,61,83,77,80,91,56,54,57,62,61,81,100,86,82,66,90,68,97,47,94,41,69,95,72,45,29,77,56,70,83,74,72,51,55,66,46,53,58,105,54,61,63,110,104,64,63,55,63,58,72,85,67,69,72,77,79,137,94,100,75,81,63,74,59,91,57,137,80,111,97,82,78,106,88,78,88,99,82,87,112,106,82,118,114,155,117,113,106,131,114,84,80,53,69,73,80,61,55,50,62,79,45,78,88,73,112,39,73,61,56,74,76,81,48,78,87,81,84,78,86,49,55,77,78,81,71,80,87,105,83,83,57,99,99,79,90,73,92,66,83,68,83,98,73,70,45,62,54,107,63,44,60,51,45,50,119,68,99,81,48,57,47,86,59,61,65,49,85,55,142,117,143,126,73,59,71,98,74,92,63,50
4,4,3,9,3,4,1,5,1,5,9,9,5,2,5,5,8,55,19,20,4,4,3,5,3,9,5,5,11,11,3,6,11,5,4,23,6,2,5,8,4,3,17,4,5,4,16,6,13,10,6,13,10,6,6,13,7,25,18,24,18,10,11,8,4,9,8,2,8,11,6,8,8,12,8,5,7,4,8,6,7,44,7,5,13,3,2,1,11,8,7,8,3,5,4,1,3,4,9,12,5,11,11,4,12,63,10,2,2,45,8,7,5,0,4,5,7,23,4,1,8,6,7,3,16,6,6,5,2,13,11,5,2,7,6,6,3,2,3,0,4,9,3,1,16,15,25,1,2,5,16,4,14,106,4,13,5,159,46,23,21,32,5,7,4,12,7,11,4,7,13,31,47,27,4,7,8,18,17,10,5,5,10
0,0,0,0,0,0,0,0,0,0,0,0,0,0,0,1,0,0,0,0,0,0,0,0,0,0,0,0,0,0,0,1,4,0,0,0,0,1,1,1,0,3,5,0,2,0,2,1,1,2,3,3,0,4,1,0,1,2,1,2,0,1,1,0,0,2,1,0,0,1,1,0,0,0,0,0,1,0,1,0,0,2,2,2,3,1,1,0,1,0,0,1,0,0,1,0,1,0,2,0,1,1,1,2,1,3,1,0,0,0,0,0,2,3,0,2,0,2,1,1,0,0,0,0,0,0,1,1,0,1,0,0,0,1,0,3,0,0,1,0,0,0,0,1,2,0,1,0,0,0,2,0,0,0,1,0,0,2,0,2,2,3,1,1,0,1,2,0,1,7,4,3,0,2,8,0,5,0,2,0,0,1,1
8f29cbc2a555034643d66f9e83dd7a7a
66,75,134,131,112,96,99,99,141,99,68,144,241,85,136,42,186,135,67,87,86,71,72,63,64,89,105,80,82,71,92,90,78,53,68,77,71,93,69,59,55,79,70,70,82,69,54,70,68,91,64,58,69,71,125,95,111,71,52,62,125,111,99,123,91,87,92,93,110,121,114,131,120,142,91,84,106,113,125,104,85,77,69,87,106,111,70,105,76,69,109,134,168,99,114,76,101,90,74,113,76,82,82,97,65,108,75,59,81,81,84,172,94,117,81,91,75,101,73,85,85,92,106,74,124,51,57,74,103,80,87,100,76,78,128,92,110,72,59,58,57,83,63,77,75,65,57,61,93,87,66,81,50,69,61,89,61,72,147,105,78,95,91,84,138,106,97,96,71,89,94,97,94,120,103,102,149,118,105,110,136,169,120
15,19,37,109,69,32,27,77,30,109,13,45,32,14,15,5,8,27,8,13,13,31,11,7,15,30,16,7,14,13,46,10,16,8,12,12,10,4,14,6,10,29,2,9,13,16,8,10,6,8,18,9,2,40,23,8,11,17,28,5,19,19,33,17,15,18,18,10,25,19,27,10,18,16,11,8,14,25,13,28,27,23,17,14,20,23,8,30,12,8,27,10,34,6,19,20,18,21,17,23,21,3,7,6,17,36,19,10,8,12,11,10,50,8,9,10,8,10,17,7,85,14,8,17,10,19,8,8,11,8,6,20,12,17,19,15,11,12,9,13,10,14,7,10,12,5,4,7,11,11,107,19,13,5,4,27,15,11,28,13,16,32,12,45,17,11,15,12,11,9,13,16,14,13,24,9,27,22,17,8,98,23,19
0,0,0,0,1,0,1,0,0,0,0,0,0,0,0,2,0,0,0,0,0,0,0,0,0,0,0,0,1,0,0,0,0,1,1,5,3,2,1,2,1,1,1,0,5,0,0,2,0,2,1,1,0,4,2,3,0,4,1,3,2,4,4,1,2,3,5,1,12,2,5,1,0,3,2,3,2,3,4,6,2,2,6,3,5,0,3,1,0,1,1,1,3,2,3,15,4,2,2,1,0,1,4,0,0,0,0,0,1,1,4,1,0,1,2,2,4,3,1,8,6,4,1,0,4,3,4,6,1,3,1,3,5,1,0,0,2,4,1,1,1,4,3,15,2,1,0,4,1,2,3,0,1,0,1,1,7,4,5,5,4,2,5,3,5,8,2,8,2,4,5,3,2,4,5,3,8,7,8,3,4,6,4
d773376e46311393cd89994bf9a93043
570,576,602,608,530,591,534,543,612,540,554,544,521,478,525,506,479,595,757,687,678,694,679,793,766,884,818,813,798,863,950,1077,936,938,935,776,883,931,1018,941,898,898,828,1122,1005,982,872,829,904,812,1019,1007,938,889,818,793,820,896,827,820,770,706,617,658,808,675,744,761,755,791,700,698,765,726,710,605,705,587,722,630,693,672,687,616,532,603,732,654,620,619,540,543,615,571,673,621,661,613,569,614,585,625,536,547,467,458,648,527,654,535,557,518,429,576,625,645,514,516,496,455,681,662,567,507,537,460,433,624,612,609,588,482,527,419,602,559,622,594,595,413,410,615,619,472,500,479,470,403,542,444,487,451,433,353,360,508,485,507,539,455,447,444,512,460,501,447,505,503,367,541,471,590,546,614,460,497,599,438,471,469,439,378,447
92,110,80,90,102,75,92,105,127,45,99,109,95,87,118,163,147,95,155,101,127,195,150,155,215,130,184,156,143,186,173,171,133,108,127,128,161,135,95,188,91,96,86,114,87,260,74,81,104,107,57,90,94,82,84,90,140,139,90,143,82,76,57,82,129,95,77,134,98,203,109,54,64,72,61,80,54,82,62,83,57,43,153,56,50,67,41,76,44,51,93,83,48,73,63,52,68,64,67,64,154,57,47,36,31,89,35,83,70,62,66,62,67,75,42,37,40,46,63,57,44,84,47,45,52,34,34,65,126,116,56,34,55,98,67,57,61,34,52,52,61,59,152,61,133,60,96,39,47,39,56,128,51,125,66,82,77,89,45,55,95,49,61,47,53,65,39,57,143,39,90,81,47,101,89,39,23,43,89,89,70,40,37
1,0,0,0,1,0,1,0,0,0,1,0,0,1,0,1,0,0,0,0,1,3,1,1,2,1,3,0,3,8,6,11,6,2,6,14,10,6,7,10,3,10,7,4,11,25,10,12,6,8,9,2,8,3,17,2,7,9,7,11,7,11,10,15,5,8,3,5,20,3,15,15,12,6,0,7,3,5,14,16,9,5,8,8,3,4,9,7,17,11,6,5,14,6,5,7,3,13,7,9,15,3,10,5,7,5,7,7,18,7,5,3,3,11,8,7,3,5,5,4,7,0,15,7,2,5,10,6,11,8,5,3,10,19,1,3,8,6,4,6,11,7,3,0,2,14,2,7,6,9,4,3,6,3,2,19,7,5,3,5,3,10,11,4,3,8,8,7,6,4,8,1,2,9,6,6,17,12,8,12,1,4,7
4b8eb68442432c242e9242be040bacf9
1110,963,1098,1063,973,1075,1226,1217,1209,1123,1105,1226,1136,1050,1153,1385,1154,1125,1121,1715,2830,2054,1770,1834,1472,1780,2081,1814,1642,1635,1465,1654,1585,1739,1386,1573,1698,1410,1496,1436,1394,1702,1975,1348,1376,1243,1518,1551,1318,1352,1449,1492,1342,1582,1533,1486,1452,1309,1360,1407,1632,1201,1271,1337,1322,1423,1618,1636,1441,1364,1408,1147,1565,1334,1433,1480,1481,3263,3498,2663,2400,2630,2145,2364,2163,1860,2244,1799,2208,2890,3180,2966,2212,2420,2216,2091,1811,1859,1959,1878,1868,2158,1941,1778,1740,1904,2037,2209,2608,2828,1937,1798,1966,1869,1850,1852,1848,1679,1689,1705,1738,1847,1732,2218,1712,1712,1873,1958,1818,1769,1972,1562,1815,1910,2046,1911,1910,2063,1797,1776,1943,2006,1757,1592,1908,1723,2049,2240,1818,1635,1772,1786,1654,1461,1726,1604,1545,1713,1892,1694,1452,1651,1498,1658,2118,1695,1744,1643,1829,1775,1649,1748,1670,1713,1479,1466,1677,1617,1502,1909,1751,1770,1869
164,205,328,264,389,348,413,447,248,364,414,234,267,266,279,359,278,222,239,665,1172,1475,993,692,391,1096,531,670,723,521,386,508,223,490,384,401,548,406,230,355,397,513,316,221,324,230,365,217,386,419,302,266,299,438,419,330,203,370,256,329,659,298,618,296,207,1402,456,369,186,366,265,237,257,472,385,306,757,3020,1247,836,647,618,482,840,669,382,518,359,471,1080,842,641,369,387,430,392,345,356,348,332,398,756,552,358,409,897,418,495,603,451,336,555,360,530,540,436,522,264,462,458,591,855,374,721,445,518,351,885,481,340,324,358,334,429,481,560,359,635,378,457,433,212,314,549,336,501,406,568,476,360,468,409,389,391,473,701,372,646,614,311,499,489,254,496,375,382,373,410,629,326,480,348,282,615,399,323,292,223,291,299,370,346,558
2,1,1,0,0,4,1,2,1,0,3,0,1,1,3,3,4,0,0,0,1,0,5,2,0,0,0,1,5,18,20,35,20,36,45,24,37,26,16,23,14,39,42,17,16,23,16,20,17,40,30,33,32,28,35,27,25,23,15,21,22,31,36,17,36,32,23,28,10,32,60,22,26,29,18,46,58,129,76,49,56,56,73,52,39,41,38,37,28,80,100,48,35,38,30,35,29,32,40,32,21,27,37,27,23,22,34,26,61,60,32,22,34,37,27,25,24,19,28,38,16,37,23,43,28,34,38,38,27,24,23,34,30,28,24,28,32,42,44,28,34,18,22,44,30,23,34,58,31,27,38,44,21,26,33,28,34,33,23,22,27,20,22,30,36,23,37,32,33,27,20,18,29,33,59,23,49,22,36,24,36,34,33
445a257964b9689f115a69e8cc5dcb75
42,51,42,46,43,73,36,58,95,47,43,42,51,74,58,49,72,38,50,58,44,87,39,44,50,55,50,55,40,55,26,47,48,34,41,35,40,43,55,54,35,48,47,53,39,45,43,38,45,40,53,82,61,52,111,79,71,109,147,126,56,78,505,775,623,312,245,197,198,207,174,157,155,158,172,155,122,198,148,132,123,127,134,138,166,165,140,160,189,280,436,553,667,699,587,740,499,473,471,496,451,420,396,401,291,322,289,319,275,353,253,273,228,357,340,211,224,252,182,177,201,248,238,230,216,191,176,201,199,190,188,205,154,232,184,169,192,173,168,140,170,141,144,154,164,178,182,142,196,160,135,170,151,119,120,159,172,165,142,147,142,171,152,157,173,140,121,119,126,166,126,143,151,135,118,135,114,113,135,128,140,158,135
27,8,4,4,33,19,9,10,12,13,8,12,14,5,8,9,7,4,3,6,11,16,8,9,7,10,8,4,28,20,3,8,6,5,5,6,15,7,11,6,6,9,6,14,10,4,5,4,8,22,11,5,29,4,34,11,11,8,4,5,10,7,204,192,102,42,21,10,13,22,20,21,13,19,41,24,10,20,19,8,9,13,14,27,22,20,88,14,36,60,125,162,118,160,90,69,76,80,92,65,46,71,85,50,60,48,55,36,47,40,30,40,31,29,21,24,49,25,47,17,9,16,30,31,22,30,23,12,17,23,12,18,22,22,10,15,10,10,10,10,157,16,13,30,22,20,33,37,29,25,36,7,21,34,14,17,17,11,15,8,18,16,21,12,6,10,9,9,22,57,20,14,53,19,39,22,16,11,9,17,18,13,21
0,0,0,0,0,0,0,0,0,0,0,0,0,0,0,0,0,0,0,0,0,1,0,0,0,0,0,0,0,0,0,2,0,1,0,0,0,3,2,1,0,1,1,0,0,0,0,0,0,1,2,1,1,3,2,2,2,2,2,1,2,1,73,74,30,6,3,3,4,4,5,1,5,2,2,6,3,1,4,0,2,2,5,0,6,6,1,3,17,13,28,46,29,28,23,10,15,8,11,9,10,9,7,5,7,6,10,8,5,11,3,7,4,6,5,5,5,8,12,4,4,8,3,6,1,8,6,2,4,2,1,6,3,3,3,2,5,5,3,2,26,6,1,5,5,5,8,4,8,5,2,2,1,2,1,3,2,5,5,1,7,7,4,7,3,5,1,1,0,1,8,2,7,3,1,4,3,3,7,0,5,3,4
c5f0170f87a2fbb17bf65dc858c745e2
1440,1095,1274,1367,1126,1287,1249,1156,1119,1320,1321,1249,1255,1136,1343,1233,1168,1316,1413,1255,1310,1411,1406,1325,1345,1276,1342,1214,1284,1228,1452,1700,1657,1598,1361,1558,1658,1457,1653,1448,1640,1841,1758,1768,1704,1722,1627,1453,1578,1383,1553,1746,1806,1618,1715,1720,1665,1511,1548,1714,1516,1600,1546,1526,1647,1812,1856,2286,2516,2279,2226,2205,2388,2445,2200,2127,1871,2017,2098,2291,2091,2127,2192,1885,1964,2055,2126,2132,2108,1971,1942,2047,2063,2213,2125,2265,2213,2217,1926,2008,2173,1931,1931,1965,1840,1714,1932,2014,2121,1884,2206,1733,1678,1973,1991,2151,2001,2188,1930,1653,2210,1957,2197,2296,2303,2057,2077,2254,2351,2398,2544,2193,2195,1923,2596,2237,2422,2850,2772,2869,3173,3894,3518,3675,4014,3579,3707,4151,4220,3599,3505,3320,3386,2785,2310,2746,2925,2776,2725,2803,2421,2290,2597,2863,2557,2249,2306,2225,2147,2138,2373,2459,2263,2419,2083,1844,2065,2049,2225,2176,2103,2052,1797
631,259,422,399,283,304,460,465,417,256,328,311,352,219,286,377,372,306,252,481,519,359,404,352,237,345,544,481,521,535,377,505,418,426,448,379,565,442,296,291,387,385,494,337,254,446,357,380,574,404,504,465,320,395,432,412,423,357,325,363,344,519,949,343,361,378,385,1294,809,921,780,766,834,532,662,782,463,435,370,372,818,455,559,409,473,327,513,321,476,416,479,452,519,437,345,529,465,610,714,570,434,418,392,342,533,572,424,534,560,531,397,787,482,533,423,347,679,551,424,412,670,555,476,762,744,515,573,682,545,590,1012,512,497,512,731,701,591,519,661,1480,1792,1048,966,979,896,715,1682,1309,1108,825,661,927,581,788,442,415,382,578,368,522,422,418,377,461,436,733,387,414,435,633,650,333,475,582,625,499,522,396,391,529,575,660,561
2,2,0,4,3,1,0,1,9,4,1,2,3,3,2,3,1,1,0,0,3,1,1,2,1,0,3,7,37,6,18,18,10,28,41,26,14,26,19,22,17,29,33,22,26,23,19,16,34,23,25,17,68,36,24,42,45,40,40,15,31,35,32,20,25,35,16,47,41,25,33,20,47,30,16,21,29,39,33,33,24,36,50,33,28,36,28,26,33,29,34,34,19,27,37,41,29,31,38,41,31,21,55,24,16,30,41,29,24,26,41,34,35,17,30,51,29,22,19,30,32,16,16,29,31,51,21,25,37,47,43,27,42,41,22,47,35,40,36,46,55,60,42,58,40,34,41,88,54,46,47,37,43,34,25,33,40,52,52,45,73,29,44,30,49,21,44,40,22,28,44,28,26,27,28,41,38,32,39,39,33,58,28
4f3f68292e50f39cd8142733512c07d6
237,213,282,257,315,255,256,316,281,394,439,335,332,358,350,251,363,221,299,224,226,347,307,228,337,243,269,238,286,272,362,306,415,406,407,474,426,607,497,375,415,495,441,384,404,396,421,519,516,430,411,416,334,334,357,450,377,428,359,372,398,457,408,494,380,488,483,573,538,469,468,473,372,349,395,391,366,463,407,493,435,442,495,471,507,415,481,412,511,452,466,461,449,514,487,503,459,411,421,512,490,425,529,490,472,450,539,584,405,443,465,426,384,503,492,470,441,429,517,502,474,485,447,458,422,477,533,479,436,436,518,479,474,523,501,496,517,653,503,568,496,507,448,540,630,553,455,506,461,506,487,487,493,423,477,416,458,531,462,417,436,659,478,466,506,632,460,414,417,480,456,350,433,418,486,501,474,414,379,475,530,560,603
74,66,38,40,61,36,47,53,58,64,93,49,27,44,36,44,40,46,26,46,81,41,103,53,29,60,95,76,34,43,113,39,57,176,70,75,262,111,104,49,47,101,48,34,60,32,67,84,89,107,54,61,42,30,50,51,112,38,57,32,58,48,97,63,48,58,77,91,84,76,45,135,50,49,65,77,57,126,136,44,54,52,67,76,81,49,83,51,84,57,109,77,161,56,47,85,45,61,85,54,126,39,41,37,68,110,49,55,65,68,62,118,39,42,63,80,97,60,66,70,44,80,52,43,60,78,56,58,82,103,118,117,150,64,55,142,67,77,80,50,93,65,87,83,102,92,95,71,83,45,61,76,42,77,135,56,48,70,130,55,96,59,95,81,78,38,67,58,45,64,45,48,58,53,61,53,42,65,167,45,62,80,81
0,0,0,1,1,0,0,0,0,0,0,0,0,0,0,0,0,0,0,0,0,1,1,0,0,0,0,2,4,10,5,3,5,5,13,5,13,5,12,5,3,7,7,6,5,5,13,14,4,10,4,5,5,6,10,9,3,9,6,5,4,7,6,11,6,8,13,9,11,4,6,9,9,10,4,11,5,10,9,13,5,12,14,10,11,3,8,6,12,13,8,2,7,3,6,7,8,9,7,5,16,7,7,5,12,8,6,6,7,6,12,5,9,6,8,7,12,11,4,10,4,12,3,7,2,17,6,6,8,9,8,6,6,8,7,11,5,11,4,10,7,10,4,13,6,6,7,8,6,4,13,10,6,5,9,7,12,6,14,6,3,12,9,13,9,8,8,6,8,8,11,5,9,8,8,10,3,7,17,9,6,10,8
099cd99056bf92e5f0e384465890a804
641,620,660,680,656,868,1018,951,1192,1063,1052,1097,1096,1029,1015,851,843,844,819,822,790,961,812,928,947,913,834,814,884,774,853,814,786,746,707,729,774,713,717,690,748,711,772,1040,1132,957,939,919,898,767,860,802,841,847,834,882,851,812,760,804,820,768,810,844,737,793,777,892,781,794,700,701,821,769,763,661,692,676,740,682,646,894,780,755,809,795,800,816,803,727,804,718,761,796,757,705,640,776,694,814,747,904,814,958,821,794,936,856,770,859,840,784,714,910,848,729,851,766,819,719,792,787,840,925,824,870,872,811,842,844,1567,1405,1225,1140,1139,1049,952,1042,930,893,905,925,2446,2563,1306,1285,1006,940,1062,1177,1096,1137,1007,971,900,1019,976,975,991,870,890,832,958,884,906,793,780,811,776,1010,988,964,990,1044,886,886,1049,1046,1005,1088,990,869,976
164,148,216,183,267,213,303,182,316,195,185,218,225,257,214,158,119,138,129,181,128,302,138,161,164,204,158,124,173,205,196,100,127,116,134,203,128,109,94,98,97,91,117,241,268,305,170,135,188,139,117,127,146,103,140,178,195,115,108,180,125,112,99,136,146,98,122,159,83,125,102,100,101,98,141,105,104,119,107,125,135,124,140,121,158,119,134,123,104,87,106,112,102,106,103,78,73,98,128,248,101,118,114,120,96,101,138,123,131,155,127,200,142,138,109,88,111,105,122,148,120,135,164,137,145,151,196,134,105,107,388,338,372,209,170,174,150,178,127,116,150,115,608,584,191,140,144,132,182,291,197,202,169,125,137,271,127,124,118,115,169,227,127,96,95,91,137,131,109,157,159,155,155,225,218,206,152,173,156,193,188,162,173
0,2,0,0,2,0,7,1,2,0,0,1,0,2,2,0,1,0,1,1,4,2,0,1,1,1,4,5,5,13,6,8,15,10,9,27,8,9,10,10,13,17,14,22,21,16,23,11,17,21,15,15,13,13,13,32,11,10,13,14,21,16,12,17,12,13,12,19,11,11,22,13,11,11,11,14,14,17,20,20,11,19,15,8,17,21,11,15,17,15,13,10,15,13,8,19,7,9,12,11,16,15,26,10,15,24,11,15,11,14,12,19,13,17,14,26,8,7,19,19,19,22,13,22,16,10,23,12,11,20,48,42,26,27,13,16,16,16,18,17,19,16,110,94,20,19,19,23,25,34,14,32,21,19,24,27,15,15,20,14,13,27,21,16,17,12,11,15,19,21,13,24,24,22,20,18,19,21,21,31,21,19,17
82fda1f850a9fe22e41b5c8dadaff4ac
140,90,117,131,123,106,122,134,102,127,87,91,117,86,116,86,109,81,145,141,112,126,82,99,216,183,138,175,180,197,242,190,192,152,175,158,132,127,118,160,136,179,172,122,144,198,147,126,144,138,126,152,134,142,132,129,209,114,118,194,203,199,124,134,183,105,127,149,174,148,131,135,148,124,167,128,117,175,138,131,139,150,144,117,138,114,130,146,139,149,132,130,128,107,168,170,130,294,138,150,128,155,124,156,145,152,157,144,132,167,151,108,168,131,165,150,162,134,107,146,107,105,146,160,173,116,84,116,144,115,163,129,97,120,126,119,104,138,148,117,134,136,113,96,120,135,114,114,123,191,99,142,131,107,140,146,131,148,132,125,103,151,128,117,114,146,130,87,92,86,116,131,151,138,101,92,105,105,100,122,135,100,71
22,16,28,42,121,16,23,62,49,16,81,16,15,85,18,12,57,40,9,66,80,16,60,19,158,138,49,23,39,105,67,35,33,85,58,21,25,28,49,20,11,125,63,11,35,34,17,27,14,30,23,10,38,46,42,25,89,18,27,16,28,42,64,16,12,46,18,68,16,18,16,28,18,12,27,129,33,44,9,31,6,9,29,15,57,20,18,10,11,16,51,45,20,15,20,26,14,16,80,29,39,39,23,8,19,24,32,45,30,41,75,16,29,18,118,81,24,23,32,16,15,28,21,59,58,82,12,12,105,11,37,28,106,22,11,21,23,62,35,36,27,18,27,19,20,44,17,24,72,39,110,23,18,16,33,21,14,12,18,36,73,103,11,19,19,36,26,17,11,15,26,29,15,16,31,19,18,11,23,15,33,17,35
0,0,0,0,0,0,0,0,0,0,0,0,0,0,0,0,0,0,0,0,0,0,0,0,0,0,0,1,1,1,6,4,5,2,4,1,4,3,2,2,3,0,4,3,2,2,6,5,3,0,0,5,5,3,5,6,1,9,4,5,1,6,0,0,5,3,3,2,2,4,3,4,3,2,2,2,9,4,2,2,2,0,7,4,2,1,14,0,5,1,3,5,1,4,4,7,7,0,2,2,2,1,2,2,3,7,0,0,2,4,2,3,1,6,5,3,2,2,3,5,2,4,6,3,1,1,1,0,2,4,4,5,0,6,1,3,0,3,2,6,3,3,3,3,2,5,3,8,3,6,1,7,5,3,2,2,5,5,1,4,0,1,2,1,0,6,2,3,2,4,4,1,2,2,2,2,2,4,3,1,1,9,0
4ee3f9c90101073c99d5440b41f07daa
30,53,39,40,28,66,17,20,17,20,10,12,17,37,16,15,15,19,22,30,17,31,23,16,21,19,22,21,21,30,29,22,12,45,24,26,27,36,35,31,27,31,24,18,24,13,22,11,24,35,23,25,18,21,22,23,31,25,29,30,34,26,16,20,25,26,12,19,14,13,17,15,14,25,20,28,19,26,33,25,25,32,24,26,33,34,32,23,23,24,21,27,34,20,18,24,22,23,18,17,17,20,19,23,16,16,12,36,13,19,18,17,28,60,20,15,16,19,16,24,18,18,19,23,24,21,16,17,16,26,39,40,36,13,17,10,20,26,43,30,24,39,23,10,7,16,13,26,16,21,15,21,16,17,17,25,23,14,24,20,31,21,23,11,32,16,9,30,18,21,16,20,11,28,17,12,20,17,30,18,20,11,21
4,4,15,2,21,8,3,5,0,0,3,11,3,20,1,5,5,2,6,2,6,16,1,2,3,2,2,6,6,1,14,1,6,5,7,6,4,1,3,3,10,0,3,6,7,0,3,0,11,2,5,1,3,3,7,15,5,4,2,2,4,6,3,6,1,5,4,5,0,1,6,0,5,1,4,8,11,8,4,2,2,2,4,6,2,4,1,2,5,4,2,3,8,2,5,4,6,6,1,3,3,3,2,7,11,7,1,1,3,2,4,14,3,2,1,1,4,7,1,3,2,3,5,2,6,6,5,3,12,7,6,1,3,1,10,5,3,2,4,6,2,3,3,1,1,2,7,2,0,1,1,5,3,10,5,6,8,5,6,3,7,11,4,21,2,2,3,14,3,7,1,12,3,3,10,5,2,6,8,10,20,3,6
0,0,0,0,0,0,0,0,0,0,0,0,0,0,0,0,0,0,0,0,0,0,0,0,0,0,0,0,0,0,2,0,0,0,0,0,0,4,0,0,0,0,0,0,3,0,0,0,0,0,0,0,0,1,1,0,0,0,0,0,2,1,0,0,0,0,1,2,0,0,2,0,0,0,0,0,2,0,1,0,0,0,0,2,0,0,0,0,0,0,0,0,0,1,1,0,1,0,1,1,0,2,0,1,0,0,0,1,0,0,0,1,0,1,0,0,0,0,1,1,0,0,3,2,0,0,1,0,1,0,0,0,0,0,0,4,1,1,0,2,0,0,1,0,0,0,0,0,0,0,0,0,0,0,1,4,0,2,0,1,1,3,0,1,1,3,0,0,0,1,0,1,1,1,0,3,0,2,0,0,0,0,0
9e58afbf3fea116b0050bf56bfb4442e
216,211,213,187,208,231,239,291,173,253,317,235,196,271,221,252,181,222,218,247,272,233,215,264,205,282,213,271,258,228,222,256,361,282,253,300,239,261,281,257,286,276,387,281,300,323,332,343,315,318,263,329,291,352,335,357,390,328,246,232,281,354,353,332,300,282,222,350,252,316,303,234,264,377,307,412,336,368,353,407,407,350,419,480,378,427,410,339,295,312,338,415,323,285,320,373,358,328,441,441,359,306,338,312,353,312,319,353,396,341,359,427,389,522,372,467,407,511,514,427,385,498,527,495,418,392,537,465,422,422,439,503,363,352,469,411,422,487,389,299,360,503,439,490,315,487,603,606,366,556,463,405,408,429,358,477,418,370,334,376,317,304,348,326,305,353,425,355,372,374,351,356,359,301,276,321,407,379,406,439,411,417,319
41,69,16,91,73,55,51,31,45,37,38,57,23,58,124,45,38,28,25,18,24,56,36,41,56,27,116,170,206,93,148,43,49,48,214,58,34,33,42,35,78,180,102,202,53,54,64,32,52,68,33,87,55,40,37,84,100,33,99,99,117,117,40,60,22,50,37,38,42,55,43,57,52,81,35,89,114,91,55,83,161,98,46,123,137,46,51,68,24,53,139,56,106,191,111,61,222,82,149,113,246,77,56,41,54,102,35,64,52,106,52,97,72,91,34,84,110,88,96,202,48,51,49,99,61,102,72,101,87,52,85,202,57,54,73,100,32,98,32,80,65,84,66,45,108,56,40,82,121,53,68,39,115,27,36,144,46,32,38,68,23,65,60,41,101,51,259,43,73,59,85,41,193,52,145,57,81,85,121,62,93,101,162
0,0,1,0,0,0,1,1,0,0,1,0,1,0,1,0,1,0,0,0,0,0,0,1,2,0,0,3,3,1,6,4,6,3,12,7,7,9,4,11,8,20,6,3,7,6,11,5,9,10,7,6,9,9,5,3,12,8,5,7,8,20,7,13,5,9,9,4,9,14,9,4,5,5,7,12,4,20,3,14,7,10,17,18,28,6,10,16,8,7,21,12,7,6,2,23,7,13,19,13,12,11,7,6,15,22,18,9,5,13,6,7,20,9,11,5,5,15,18,8,14,51,10,29,20,21,15,18,12,8,16,11,13,9,17,7,23,16,9,9,10,65,8,12,16,25,19,18,10,11,10,15,13,7,10,30,7,9,5,13,5,14,13,5,6,18,15,13,16,12,7,12,18,8,20,15,12,15,10,13,16,5,12
61dfd882204789d7d0f70fee2b901cef
99,103,109,135,91,110,116,83,89,62,77,105,98,81,110,105,89,75,63,75,61,91,75,75,69,72,70,63,78,66,74,84,146,65,74,52,56,58,61,75,76,84,61,68,68,65,74,60,81,74,115,78,60,73,84,86,61,62,73,83,86,72,60,61,65,76,65,80,46,67,81,42,74,63,73,65,54,47,36,53,48,50,42,52,53,57,52,41,41,55,44,49,46,33,49,52,39,31,42,45,38,59,47,37,37,43,49,49,27,39,39,32,25,31,33,41,52,26,31,36,23,36,28,40,42,33,38,43,43,47,53,40,39,22,34,42,28,38,53,24,46,45,29,30,37,41,35,33,45,41,29,37,33,35,24,29,39,43,27,39,47,37,40,35,49,35,41,41,54,42,44,31,32,31,35,42,39,50,51,45,24,34,28
15,23,23,15,28,15,23,11,6,22,8,31,19,20,19,18,11,5,9,11,5,6,3,3,4,17,5,2,4,6,5,18,7,5,18,7,8,6,14,13,4,8,5,6,4,5,9,12,5,4,10,11,2,8,2,6,8,15,5,9,0,6,5,9,5,7,12,6,4,9,13,2,7,10,5,4,4,1,4,2,8,2,13,1,13,6,10,5,4,3,1,5,5,3,3,5,3,10,22,3,4,2,7,0,4,1,10,13,3,2,3,3,7,4,1,3,5,3,1,10,7,2,8,14,3,4,8,1,9,13,2,4,3,5,4,2,6,2,6,3,3,4,3,7,4,5,2,1,7,4,12,2,4,4,5,1,22,5,2,5,4,4,3,5,7,9,12,9,0,5,2,2,3,4,18,13,3,1,4,4,8,4,17
0,0,1,0,0,0,0,0,0,0,0,0,0,2,0,0,0,0,0,0,0,0,0,0,0,0,0,0,0,0,0,0,0,1,0,0,0,1,2,0,1,1,1,1,2,1,0,0,1,0,4,1,8,2,1,1,3,1,2,2,0,1,0,1,0,1,1,2,1,0,1,1,1,1,2,1,0,1,0,2,0,1,0,2,1,0,0,0,2,2,0,0,1,0,1,0,0,2,0,0,0,1,2,1,3,0,1,1,0,2,0,1,0,0,0,0,0,0,0,0,8,2,5,0,0,0,2,1,0,0,2,5,0,1,0,0,0,1,0,2,0,1,0,0,1,0,0,2,2,1,0,0,2,2,0,1,0,1,2,0,2,0,2,2,1,2,3,0,0,1,1,0,0,0,2,3,0,0,0,1,1,1,0
9f69ffd8852196e02cfa19b5cd9bc432
53,68,72,57,48,60,96,48,57,55,52,60,89,85,107,107,53,61,56,70,83,99,74,76,70,84,59,56,78,84,83,89,97,75,84,75,103,89,99,96,72,94,100,87,86,106,82,96,118,109,88,81,91,89,102,101,91,100,123,102,107,107,72,95,79,104,93,107,105,118,86,76,88,86,92,91,83,99,97,114,97,88,73,77,95,87,90,101,95,102,90,76,86,100,88,108,77,93,64,72,87,96,79,104,94,93,85,78,100,99,89,78,74,84,92,80,91,88,93,98,78,69,89,105,104,93,164,112,112,118,107,108,80,100,111,87,67,70,96,94,100,67,90,118,97,101,82,70,86,104,74,79,88,71,81,98,118,83,97,97,65,95,113,92,97,96,100,89,96,112,129,110,108,127,111,138,123,125,152,121,133,222,206
12,9,4,7,18,3,22,8,23,11,5,20,17,23,22,9,9,6,25,11,29,9,4,7,24,11,11,19,24,15,30,26,18,15,37,24,28,29,8,7,14,10,11,12,12,8,11,18,14,20,14,12,11,18,8,24,23,14,10,5,6,18,16,16,27,28,17,11,20,12,24,9,13,4,15,6,28,8,12,12,18,3,10,9,14,9,22,20,18,10,18,24,12,7,11,13,7,16,13,15,16,15,8,10,13,7,18,15,18,17,12,7,12,6,10,8,22,33,18,10,24,23,20,17,22,15,26,9,25,28,22,28,16,17,19,33,24,23,29,37,24,22,23,28,15,12,14,15,19,29,20,8,24,31,30,27,30,17,31,45,20,40,31,36,57,31,26,40,32,22,30,28,54,46,37,27,27,29,29,32,42,82,53
0,0,0,1,0,0,0,0,0,0,0,0,0,0,0,0,0,0,0,0,0,0,0,0,0,0,0,0,0,1,0,4,1,0,2,1,0,0,0,1,0,0,1,2,1,1,1,1,6,1,0,2,3,1,1,2,0,2,1,4,0,2,1,0,2,1,1,1,2,2,2,1,2,1,0,1,3,1,1,1,1,0,1,0,1,2,2,3,1,0,0,0,0,0,1,3,0,4,1,2,1,3,0,0,3,1,1,6,4,0,3,3,2,2,1,2,2,2,4,1,0,0,6,3,6,1,1,1,1,5,2,0,0,1,3,1,0,0,1,5,0,4,0,5,5,2,0,1,2,3,11,1,1,2,0,0,5,3,3,2,2,6,2,2,7,4,1,1,1,4,6,6,2,4,8,9,4,3,1,1,4,3,3
3964ee41d4e2ade1957a9135afe1b8dc
273,225,254,308,266,217,266,256,265,210,206,215,254,313,241,260,239,244,255,244,308,313,253,236,267,273,284,293,325,328,328,336,344,312,416,344,315,376,313,321,292,325,358,336,329,292,283,343,324,308,331,354,319,300,321,356,310,349,304,400,381,312,348,326,319,301,317,343,333,346,352,326,389,367,389,369,442,371,328,315,325,360,375,344,324,302,365,501,389,475,464,427,411,381,397,369,461,386,387,413,479,415,413,367,365,364,331,378,378,390,439,342,360,450,386,411,385,367,394,322,426,398,358,419,409,352,447,501,461,544,505,425,440,369,421,449,414,486,397,353,397,415,420,395,388,368,322,417,412,372,424,359,437,411,399,416,407,430,393,412,365,321,417,491,440,371,484,335,310,361,398,367,428,427,288,347,401,424,394,374,363,372,320
80,95,154,54,134,117,78,76,61,45,26,51,67,60,52,46,47,38,39,44,56,78,83,52,43,67,126,90,187,67,58,63,82,65,100,85,44,46,25,57,61,90,112,37,76,46,37,50,78,66,91,55,45,55,60,68,75,38,48,51,42,87,64,57,160,42,69,61,43,56,41,68,40,46,55,49,72,60,38,62,52,54,48,82,213,76,110,126,86,124,127,64,63,109,50,48,64,53,85,93,79,67,50,60,50,53,52,48,73,65,50,105,83,60,44,41,74,58,77,172,81,52,97,83,56,67,71,86,77,180,51,56,49,50,49,88,47,50,138,59,356,166,70,45,70,71,85,83,50,65,175,41,78,178,51,50,39,55,45,48,47,29,66,56,72,51,102,47,53,114,59,136,59,51,72,54,61,123,92,83,72,74,63
0,0,0,1,0,1,0,0,0,0,0,0,0,0,0,0,0,0,0,0,0,1,0,2,0,1,0,3,4,4,4,3,3,2,5,7,5,4,6,6,6,3,4,7,7,8,6,6,8,8,7,8,6,2,25,12,11,9,12,7,7,11,13,6,6,10,6,7,8,11,15,7,5,6,7,12,8,12,5,3,8,9,7,8,12,13,10,20,22,9,12,16,10,9,10,26,18,9,11,7,16,2,8,4,9,8,7,10,10,8,8,12,9,9,6,8,7,5,12,16,9,15,9,4,10,1,8,9,14,9,10,3,10,10,3,11,5,9,4,11,4,13,7,9,10,12,6,7,10,6,11,7,5,10,10,4,13,12,13,10,4,7,4,12,8,7,8,12,5,19,13,19,10,10,12,27,10,6,9,12,16,20,10
6a493121e53d83f9e119b02942d7c8fe
225,234,180,173,154,122,118,147,154,131,117,77,119,102,128,141,129,103,121,136,130,126,157,119,121,112,126,140,136,212,235,202,162,216,252,221,292,226,199,174,206,249,223,278,312,251,233,193,272,243,319,302,258,266,243,270,313,362,322,257,201,240,249,240,288,266,268,275,278,334,259,292,316,249,244,255,297,283,285,305,291,229,246,304,320,305,332,326,245,245,359,265,351,332,287,224,253,319,290,391,361,283,255,243,283,285,360,309,284,253,247,276,321,321,313,275,244,250,284,287,333,330,313,254,295,288,297,319,345,321,248,283,339,325,391,362,298,283,243,322,283,345,396,261,226,253,350,251,287,266,254,207,242,254,237,299,304,276,207,202,225,234,349,318,273,189,229,305,312,380,464,281,224,296,243,304,314,296,261,233,214,233,188
64,44,29,28,41,24,82,32,29,29,19,29,22,25,23,16,19,31,15,24,28,30,42,19,28,55,34,35,25,37,19,40,33,41,32,36,53,17,29,21,31,45,50,24,24,25,37,37,44,53,41,38,72,31,23,67,54,36,41,38,47,34,112,29,17,26,55,42,54,74,42,43,57,31,40,34,40,37,43,23,37,32,40,40,42,54,29,37,40,24,43,49,38,57,47,25,29,38,63,39,40,33,24,29,43,30,42,33,37,33,49,52,40,32,30,29,36,25,40,50,36,45,38,40,53,49,54,37,29,35,33,44,39,83,42,105,28,88,37,40,44,41,26,36,26,27,28,33,22,30,25,36,22,35,49,33,21,36,19,22,58,43,27,30,27,30,45,27,41,23,38,29,24,16,53,37,32,36,52,36,54,31,19
0,1,1,0,0,0,0,0,0,0,0,0,0,1,0,0,0,0,0,1,0,0,0,0,0,1,0,0,1,1,1,5,7,8,2,4,6,6,1,3,2,10,6,7,5,1,4,5,4,7,4,3,4,12,6,6,9,4,9,3,10,4,7,6,2,3,3,3,8,9,6,11,6,6,5,7,11,8,7,6,2,2,5,4,12,6,11,7,6,5,4,4,3,8,4,4,4,11,5,4,12,6,5,9,2,3,2,3,5,2,5,4,7,8,6,8,3,2,4,1,3,5,7,8,7,8,4,6,5,6,5,1,7,4,3,5,8,24,7,5,8,5,4,3,2,6,5,2,7,3,2,2,6,9,9,8,8,9,3,2,3,5,2,2,6,8,11,7,9,5,5,7,4,2,7,5,13,11,6,3,5,9,1
7e0db58c13d033dafe5f5e1e70ff7eb4
582,590,615,504,532,501,510,562,518,472,601,570,613,544,526,556,533,562,553,752,663,618,618,735,631,722,614,670,604,686,741,815,929,950,804,624,726,794,836,794,896,798,725,717,805,871,860,964,766,865,919,942,1010,1017,844,763,848,868,770,868,847,838,698,908,912,862,757,862,892,764,767,718,904,960,970,845,773,818,852,739,760,968,895,725,690,790,858,860,933,983,834,843,828,798,1049,834,809,897,789,919,931,884,931,1027,836,929,992,901,822,916,1077,794,714,801,898,1051,946,1034,985,871,954,937,1101,1002,1037,899,1004,1046,986,1100,1046,953,948,970,1021,1053,985,1107,981,921,902,911,793,1011,972,895,934,902,939,913,842,794,807,816,615,759,806,876,809,882,843,746,751,761,776,759,853,677,807,810,906,1160,973,794,773,817,817,748,781,819,932,998,879
259,175,74,194,60,123,122,90,88,150,177,160,104,178,86,109,177,73,71,149,122,97,67,218,193,136,213,114,102,178,154,105,139,81,111,152,242,142,73,148,71,144,111,124,182,201,109,163,230,197,222,239,146,126,184,122,245,222,106,181,113,269,97,134,123,114,161,103,174,86,157,116,96,175,165,75,170,116,192,107,156,159,109,134,98,108,131,172,116,107,125,135,191,183,114,118,134,199,170,156,80,104,118,98,156,200,165,90,181,129,128,117,154,150,99,134,223,132,160,216,253,150,106,216,96,105,124,178,153,281,206,85,109,177,196,219,156,54,86,164,77,99,93,182,83,147,181,91,129,82,152,93,126,129,93,99,72,83,226,65,127,129,70,163,140,83,181,87,172,49,93,142,57,101,154,94,157,92,139,68,116,175,135
1,0,1,1,0,0,0,0,0,0,1,0,1,1,2,0,0,0,1,2,0,0,1,0,1,0,1,1,3,4,16,10,6,11,9,11,7,6,5,5,12,11,4,4,4,10,9,29,8,8,6,6,10,10,17,13,9,10,9,10,11,3,9,11,15,7,14,9,9,13,11,9,9,9,9,9,2,10,17,10,10,9,7,3,8,10,24,16,7,14,3,5,4,10,18,10,6,13,6,10,17,4,7,10,9,6,8,14,6,7,8,7,7,3,10,13,14,2,12,15,5,16,10,2,8,14,11,4,17,21,12,9,8,19,9,14,15,6,7,8,10,13,4,6,5,6,14,9,9,11,5,13,3,27,8,6,3,3,15,7,9,9,8,9,4,5,3,8,10,11,6,10,10,7,4,3,9,6,8,12,18,7,12
3e395c6b799d3d8cb7cd501b4503b536
490,475,541,508,514,573,592,627,816,601,530,515,658,796,819,702,693,608,590,670,601,518,450,478,499,500,579,448,525,588,574,538,448,455,526,550,613,763,805,706,645,680,672,545,528,578,537,620,565,533,563,653,591,505,553,497,510,581,562,554,583,476,557,590,554,523,471,517,545,628,629,571,608,848,856,713,682,623,662,580,598,575,632,520,598,517,560,469,577,616,527,602,511,587,598,587,607,556,555,578,730,680,767,656,631,638,611,604,584,710,810,618,499,510,529,491,519,504,634,491,615,583,785,976,952,895,1032,678,642,735,519,700,683,666,857,762,688,734,687,676,792,698,560,658,650,554,514,584,590,610,580,558,585,615,640,653,494,604,542,568,1301,1234,955,859,711,741,718,733,685,662,543,600,604,517,576,695,668,642,549,683,743,606,617
90,155,103,203,160,141,109,149,143,119,106,137,225,338,205,197,196,125,134,126,150,118,99,105,123,125,144,128,79,152,115,105,130,115,169,269,173,204,230,177,83,135,135,92,199,125,72,86,124,90,124,109,131,89,208,80,148,204,108,87,82,80,163,126,193,100,81,108,101,122,172,123,112,260,305,262,168,138,94,171,139,125,91,286,214,127,125,196,142,84,79,82,74,73,71,95,91,91,81,120,100,152,135,109,211,118,142,138,135,201,280,88,129,78,93,116,114,108,139,185,110,78,503,408,409,281,476,324,143,175,93,87,165,111,272,233,179,112,94,193,158,93,108,152,115,139,140,95,94,161,106,132,89,95,103,180,80,133,64,64,334,338,169,248,156,116,108,124,120,92,82,125,68,87,138,185,82,84,103,139,239,78,104
0,1,0,0,1,0,0,0,1,0,0,1,1,0,1,0,0,0,0,1,0,0,0,0,1,1,0,1,3,3,5,9,4,7,7,9,10,12,13,11,8,8,11,8,8,7,10,9,5,9,8,7,10,5,15,5,3,13,6,5,8,7,4,0,8,2,5,4,11,5,7,4,8,14,15,19,8,6,9,4,5,10,17,5,6,7,6,3,4,2,7,6,11,7,10,4,10,6,6,6,13,9,5,8,10,5,8,9,13,12,10,11,12,4,1,10,9,5,6,11,18,12,11,30,28,26,39,8,6,6,9,19,6,9,40,21,8,9,14,17,8,4,6,10,3,5,1,8,6,10,4,10,2,4,4,12,9,15,13,10,25,23,20,13,6,4,17,13,9,2,9,7,3,6,7,11,8,19,7,6,8,3,7
0c80008b0a28d356026f4b1097041689
67,58,72,72,74,104,98,65,84,119,77,66,88,80,89,109,137,124,94,87,134,136,124,138,135,140,119,119,106,141,103,125,140,130,122,190,134,171,114,122,145,148,87,132,149,150,117,133,141,141,131,125,180,145,167,213,160,161,190,179,178,160,167,189,153,173,172,150,148,166,149,143,171,189,339,348,255,237,204,197,197,206,234,225,243,190,164,185,241,197,161,251,192,195,182,215,190,190,181,251,200,200,207,193,151,187,186,205,178,189,175,162,167,189,194,200,221,227,189,205,226,209,184,182,182,225,189,177,212,177,199,172,165,210,175,215,186,155,200,171,137,184,177,161,193,162,140,157,190,185,207,202,231,205,197,199,187,207,187,153,178,190,195,160,193,198,187,193,162,183,187,195,284,209,199,168,201,191,172,264,240,217,186
21,23,13,20,13,8,8,38,28,16,13,14,27,23,20,61,30,28,32,42,34,37,21,20,16,26,29,30,29,24,18,32,29,21,19,54,25,27,24,17,53,35,34,33,31,41,25,38,43,32,26,23,34,16,28,44,42,30,23,35,22,32,25,40,29,36,43,22,27,27,31,46,59,48,63,65,41,44,44,47,39,43,34,86,41,41,24,14,39,24,56,58,35,28,32,43,31,48,41,39,33,28,38,46,40,50,34,23,25,21,32,49,34,23,26,28,35,45,37,28,42,43,38,27,31,33,45,51,37,38,64,31,34,36,44,39,22,20,26,28,136,31,35,41,38,20,23,22,75,30,35,22,34,37,19,40,13,31,27,26,69,42,39,34,30,21,26,32,30,67,27,64,25,26,22,28,65,59,55,56,72,50,66
0,0,2,0,1,0,0,0,1,0,0,1,1,0,1,0,0,0,0,0,0,0,1,0,0,0,1,2,2,2,7,7,4,3,5,6,7,6,5,7,5,9,2,7,4,6,4,3,3,14,7,4,11,12,6,7,10,10,6,7,2,3,4,5,7,7,4,9,11,6,11,9,2,4,9,3,6,8,9,10,6,6,2,12,6,5,3,8,5,10,7,5,8,10,5,8,4,6,8,9,8,7,1,5,10,12,9,8,7,7,4,5,4,8,9,10,6,8,4,11,5,6,5,6,8,11,7,8,8,7,4,13,5,8,11,8,6,4,11,9,5,4,8,7,3,14,4,4,8,8,10,6,5,12,3,16,2,8,6,6,6,10,3,6,15,9,5,12,11,12,6,10,10,11,7,6,6,5,6,7,4,5,9
025943df23acf5d3863b35fa6e0d79ec
84,68,71,174,143,108,138,134,90,97,84,103,90,87,143,90,105,93,101,120,122,170,130,92,126,181,178,183,204,258,191,154,189,201,163,166,253,162,222,250,311,422,401,398,297,412,271,406,203,327,354,278,339,207,278,232,196,376,416,536,402,246,267,297,345,314,411,277,222,322,160,250,212,251,422,400,335,323,168,225,343,451,271,255,217,216,246,322,285,368,320,397,194,261,362,308,185,362,257,298,210,284,196,209,144,198,234,188,219,193,187,200,163,141,207,245,181,161,144,207,239,237,243,232,245,263,199,182,242,343,200,168,130,157,124,204,227,152,148,122,159,189,158,214,142,150,156,179,178,229,229,175,472,414,347,255,315,328,211,237,300,220,164,234,274,225,206,197,195,182,208,293,261,236,217,219,208,309,263,201,256,176,199
20,20,31,103,17,11,50,11,16,13,23,33,29,70,17,64,62,24,6,18,31,17,86,17,13,22,24,14,18,26,24,46,47,28,13,27,34,66,24,11,29,80,50,75,52,55,58,86,30,50,36,51,20,18,16,37,20,39,48,29,67,9,20,89,32,54,25,20,36,130,40,8,9,20,49,37,30,39,13,36,48,32,27,30,36,25,38,124,46,14,21,64,30,82,22,34,23,18,18,24,79,31,25,22,69,17,18,15,22,14,22,64,20,51,27,30,54,13,26,30,18,25,15,23,27,23,47,26,27,26,23,9,24,24,18,23,12,22,20,20,30,20,15,40,25,18,44,74,48,22,20,25,84,78,73,49,82,55,43,34,42,42,16,24,34,15,49,23,30,25,37,33,20,61,20,21,55,38,31,38,44,41,90
0,0,0,0,0,0,0,0,0,0,0,0,2,1,0,0,1,1,0,0,0,0,0,0,0,1,0,2,2,1,2,3,1,4,0,3,2,2,3,2,2,18,11,8,5,12,2,3,2,14,5,4,6,2,1,3,5,7,10,5,5,6,5,5,6,3,9,2,3,3,9,2,4,10,4,4,8,3,5,9,9,8,3,4,5,3,6,3,2,6,1,6,0,3,2,1,6,5,10,3,8,8,1,1,2,4,9,5,4,5,5,3,6,8,6,7,6,8,11,3,4,8,6,6,6,2,2,3,5,10,5,0,4,3,1,6,3,2,4,1,13,4,5,5,4,4,2,6,10,6,1,5,11,9,6,7,3,4,11,4,9,3,5,7,8,6,7,10,4,3,6,6,9,9,6,3,4,7,7,6,3,9,6
5e2ef5473cbbdb335f6d51dc57845437
249,275,282,344,365,358,348,351,281,280,334,306,367,388,359,317,316,335,401,376,381,344,412,368,335,331,356,334,309,327,341,404,457,447,389,389,420,418,434,417,406,503,494,479,471,489,473,451,417,434,449,498,421,454,442,428,417,407,457,378,421,394,386,487,428,448,457,407,461,430,378,416,499,455,436,417,513,449,368,408,434,422,409,446,473,454,472,434,398,469,428,452,386,431,403,450,394,398,381,534,512,438,451,420,338,426,378,417,422,495,450,351,403,688,647,498,507,464,476,524,497,497,503,566,476,541,461,555,601,591,615,780,805,748,829,863,777,740,869,728,715,809,663,643,682,649,600,644,574,610,599,608,676,552,520,580,619,600,594,509,515,520,560,531,586,559,535,543,490,565,530,596,680,603,491,509,554,562,614,611,603,550,502
44,29,58,76,48,86,54,93,33,53,43,55,53,42,67,61,57,61,82,94,94,63,69,66,41,52,34,96,51,39,57,90,86,84,56,69,85,70,58,58,96,79,53,52,57,66,62,59,58,69,52,83,62,66,86,53,45,66,52,43,43,50,70,70,56,48,63,80,59,55,91,43,76,51,102,86,85,60,55,53,77,67,63,58,85,48,55,48,80,60,70,47,35,56,53,47,45,52,86,70,55,43,34,32,51,53,55,30,43,68,55,45,82,75,77,74,79,60,115,85,76,62,77,99,66,64,58,253,48,62,125,241,229,187,199,223,204,158,209,159,169,135,110,116,107,104,122,200,73,98,94,89,91,78,65,77,87,87,76,142,68,106,45,73,69,111,128,109,71,81,74,149,93,166,83,89,85,58,90,127,64,79,73
0,0,2,0,0,0,0,0,0,0,1,0,1,1,0,0,0,0,0,0,0,0,0,0,1,1,1,0,2,2,0,9,2,8,6,7,2,8,4,8,2,4,4,2,4,7,5,4,3,5,7,5,3,6,10,7,4,2,6,8,5,3,12,6,7,2,3,4,4,4,6,3,6,2,12,8,3,7,8,7,8,9,1,8,7,4,5,3,3,11,5,8,5,5,6,9,3,6,5,2,10,12,6,3,10,6,3,9,11,5,4,3,6,10,15,3,4,9,7,11,7,6,4,7,3,4,6,8,6,3,7,14,17,11,10,14,19,18,8,7,12,4,7,9,7,4,9,10,6,7,7,9,12,7,2,11,5,6,14,5,5,32,2,2,15,6,11,8,6,9,6,11,12,6,10,6,4,5,10,10,5,9,21
ca6db6d4f02b7b946c57fc389e67dd7e
184,170,203,147,164,200,148,187,239,171,155,180,204,130,239,166,218,175,152,232,202,173,177,196,213,190,211,164,200,203,235,210,201,182,203,156,164,188,191,217,186,207,221,242,191,217,237,237,179,219,233,241,217,213,203,157,221,243,215,219,192,164,168,210,216,224,193,178,172,194,135,167,210,216,252,245,164,187,179,225,154,127,207,218,235,226,198,158,230,236,234,181,187,160,159,162,186,176,179,209,233,208,235,202,211,240,215,213,187,250,401,330,260,285,296,280,251,263,261,225,266,274,299,243,235,275,300,299,302,342,281,346,311,313,300,250,292,270,241,251,289,274,204,329,364,457,319,403,372,283,314,475,299,357,366,318,357,352,409,377,391,308,374,373,377,301,390,341,444,488,557,546,474,537,327,381,460,479,412,348,364,378,394
18,36,15,26,23,32,13,100,25,20,17,23,47,31,20,13,25,12,79,17,25,17,23,13,6,21,16,13,20,30,30,10,10,26,12,12,33,36,35,16,19,51,14,28,16,29,41,38,30,37,33,62,57,39,33,46,29,26,25,29,19,21,18,30,21,51,15,17,22,26,16,22,30,12,49,23,42,13,12,9,25,25,35,56,21,9,25,54,31,24,29,31,16,25,29,26,39,13,23,47,36,68,56,32,19,52,58,24,25,50,57,32,24,22,35,54,36,46,46,35,58,58,65,26,67,72,72,34,34,36,26,87,86,47,39,37,63,38,51,71,59,51,33,82,80,84,63,120,55,44,35,62,41,100,69,32,51,67,58,48,48,54,67,130,96,51,58,46,55,132,149,119,42,145,56,175,78,58,86,49,53,36,53
0,1,0,0,0,0,0,0,0,1,0,0,0,0,0,0,1,0,0,0,0,0,0,2,0,0,0,0,0,0,2,3,1,1,0,0,1,0,1,0,3,3,0,2,2,2,0,2,4,2,0,2,1,4,3,0,3,3,1,6,0,2,1,0,5,4,0,1,1,6,3,1,0,1,5,0,0,0,0,0,1,13,1,2,10,8,6,1,0,3,1,3,0,1,1,1,5,2,10,4,2,0,2,4,1,1,3,0,3,6,5,1,2,0,1,14,2,2,1,2,1,7,2,4,1,8,11,3,6,7,6,6,9,2,9,0,10,22,5,1,18,2,0,12,6,28,7,5,3,3,7,8,7,2,3,10,5,10,9,6,4,6,2,4,3,7,2,1,4,8,26,5,1,6,1,9,4,8,7,4,7,9,10
c026b84e8f23a7741d9b670e3d8973f0
176,206,211,208,227,186,192,168,196,187,194,252,181,190,245,227,190,220,257,221,198,195,206,208,214,217,199,165,209,246,294,308,250,294,227,264,295,271,312,298,273,263,231,281,306,298,315,297,259,265,306,277,275,259,251,289,289,280,275,244,237,238,259,321,327,294,247,424,534,425,454,347,386,440,440,440,439,446,437,441,398,400,425,374,421,383,383,385,359,352,304,329,361,353,366,264,338,320,345,346,407,369,444,428,364,333,380,317,323,345,424,301,268,410,395,366,448,433,326,405,376,413,406,425,425,352,345,376,419,429,394,360,394,387,355,440,425,324,351,297,313,365,395,1068,2526,3392,3287,3119,2957,3048,2880,2640,2802,2237,2051,2444,2258,2223,1914,1923,1725,1643,1914,2220,2048,1724,1968,1687,1613,1708,1636,1574,1615,1520,1241,1351,1474,1445,1471,1315,1208,1120,1132
41,56,36,41,33,37,36,34,40,27,31,25,35,25,70,69,28,26,37,51,33,21,19,39,32,25,30,35,56,23,35,28,38,35,31,43,43,26,43,35,38,66,23,54,44,43,95,29,35,35,23,80,29,34,57,48,44,51,27,33,28,38,41,96,71,28,36,97,98,168,116,78,80,91,94,74,68,50,72,41,47,44,59,79,50,102,36,37,22,42,49,73,29,24,31,24,39,49,38,50,32,71,37,28,59,38,32,17,29,76,48,42,31,30,37,39,40,27,57,44,45,29,28,67,52,40,35,42,67,40,39,31,40,42,45,49,58,37,41,35,42,85,66,489,892,1049,684,644,598,554,524,432,487,423,371,368,410,251,162,202,190,185,272,375,325,159,178,175,220,175,194,136,104,136,220,130,133,90,136,190,131,115,103
0,2,1,0,0,0,1,0,0,1,0,0,0,0,1,0,0,0,0,0,0,0,0,0,0,0,0,0,0,4,2,1,0,2,8,2,1,2,5,2,1,1,3,5,3,9,4,3,3,2,2,1,0,7,4,5,4,3,4,5,5,4,8,6,5,3,4,16,4,13,6,5,6,6,4,1,13,9,15,4,7,7,4,4,8,11,2,4,9,5,6,7,3,4,2,3,4,5,2,5,4,5,6,4,8,7,8,4,4,6,3,3,4,7,3,5,1,8,17,3,3,4,6,7,5,4,3,5,7,3,9,7,7,7,3,7,6,8,3,5,1,4,3,40,95,109,74,62,51,49,28,36,43,38,41,26,23,23,27,19,13,16,32,37,31,14,14,19,17,17,31,21,12,18,11,17,19,27,10,17,8,8,8
2ec1450a1389d4e3fc2a9a76c9378bb3
526,362,427,375,472,430,611,400,420,384,355,732,984,2068,3217,3047,2679,1778,1534,1379,1346,1155,1126,967,959,1059,950,1020,913,894,920,1004,839,815,778,936,894,749,819,734,881,991,982,957,855,862,790,800,834,755,822,795,847,756,813,857,770,832,765,864,712,738,657,664,727,709,679,720,825,617,665,700,700,620,628,667,590,549,736,585,647,574,590,614,678,583,668,597,533,543,578,634,631,646,611,648,673,609,716,613,650,570,647,683,603,611,631,615,622,549,625,652,697,686,613,669,545,661,681,864,636,603,609,590,659,639,680,577,568,692,671,615,542,577,591,524,575,679,661,531,608,604,549,567,627,539,574,638,546,557,818,634,725,620,527,524,556,587,574,599,641,597,637,655,613,523,624,700,606,558,634,612,706,600,458,588,502,506,520,576,650,681,558
84,55,104,40,87,39,170,48,53,32,43,138,281,784,1027,796,507,337,336,205,173,150,171,127,158,130,132,210,173,119,85,174,131,153,189,147,156,130,101,81,135,132,139,77,86,141,66,163,179,161,117,89,63,68,118,103,101,81,105,84,79,74,100,85,209,88,126,103,97,71,95,129,65,117,65,87,92,101,61,113,61,101,106,110,135,41,81,129,129,80,70,89,161,46,69,137,93,69,47,140,88,51,112,104,99,73,64,161,56,73,83,104,159,160,144,120,72,139,163,166,139,134,120,111,102,112,139,104,49,201,182,120,176,100,120,113,152,76,177,76,119,92,88,87,128,102,108,107,49,89,76,136,99,83,112,111,101,102,89,96,68,80,77,100,86,95,124,94,78,90,67,88,68,56,46,81,60,54,62,117,133,110,138
0,1,0,1,1,0,0,0,0,0,0,0,4,2,5,0,1,0,0,0,0,0,1,1,1,0,2,5,6,6,4,9,14,7,5,6,6,6,8,8,10,7,5,4,14,10,5,12,12,9,4,8,4,4,6,6,7,7,8,2,5,5,10,7,10,7,4,14,23,6,10,5,5,8,7,9,9,8,2,12,4,2,9,7,11,4,3,2,4,3,5,5,7,5,5,3,3,4,5,12,5,1,2,7,8,9,10,4,5,3,5,12,4,5,12,3,6,5,7,7,2,2,5,7,4,5,4,8,4,13,10,5,5,4,7,4,8,2,4,5,7,3,6,5,8,8,6,4,4,6,1,3,9,6,9,7,7,9,11,12,9,8,4,9,11,14,13,5,39,3,4,10,13,5,6,6,8,7,8,7,8,5,7
28e32be6ba67e0c6fdfdff80ce07dfd4
42,43,42,59,57,63,44,36,55,166,102,116,107,83,92,151,246,291,293,295,285,286,322,219,204,186,193,212,185,159,197,158,190,183,148,161,129,194,169,158,159,166,149,149,134,140,146,150,174,163,155,194,168,178,164,158,161,172,194,145,211,150,121,152,139,164,175,163,156,121,148,189,202,154,153,168,171,204,170,153,164,157,167,155,169,194,155,180,148,156,167,167,169,148,190,148,118,131,157,169,162,177,182,162,155,179,111,180,169,179,205,164,113,147,152,181,191,180,167,129,173,128,131,155,172,160,157,175,210,178,176,179,174,190,178,177,184,159,149,136,122,143,171,137,174,167,139,116,130,141,171,135,261,91,125,164,172,140,130,159,157,130,174,177,162,174,199,143,138,169,172,178,162,134,117,123,127,150,152,132,159,116,127
5,14,7,3,4,14,10,7,10,26,41,31,26,31,30,41,85,68,93,87,63,55,49,16,35,18,23,35,28,28,33,20,22,26,39,52,22,29,19,27,26,26,21,78,8,23,28,30,31,40,13,31,29,12,16,27,28,19,28,33,16,71,16,20,18,18,22,17,26,17,38,35,20,18,42,29,21,26,31,12,9,24,10,10,13,39,7,8,11,12,13,10,19,3,9,21,13,21,23,30,18,25,16,15,19,20,10,12,16,9,15,14,20,25,11,29,12,19,18,17,21,12,7,11,40,66,36,6,29,23,10,19,99,10,19,24,12,50,12,17,28,41,19,20,16,17,23,6,17,14,15,10,19,8,33,48,14,23,12,82,22,24,21,18,19,14,30,9,13,19,12,11,8,10,14,29,18,20,7,15,17,6,10
0,0,0,0,0,0,0,0,1,0,2,0,1,1,0,0,0,0,0,0,1,0,0,0,0,0,1,0,1,0,2,5,5,2,3,2,2,5,3,1,1,2,2,3,1,1,3,3,3,6,0,2,3,5,3,3,1,5,6,3,2,3,5,5,2,1,5,7,3,2,2,3,10,0,4,0,3,2,3,0,6,5,5,5,3,3,3,4,1,4,5,2,1,4,1,3,1,3,5,1,0,5,7,4,1,0,1,5,6,3,4,4,4,0,2,9,4,3,3,3,6,5,3,2,4,0,5,5,5,7,2,2,4,4,3,3,9,3,3,6,2,10,5,1,3,5,1,3,6,2,7,3,2,3,7,7,4,7,4,3,0,2,4,3,4,1,2,5,4,5,1,4,1,1,0,3,2,0,3,3,3,1,2
1339f978614ff19cd48f07e5420556d4
44,31,47,51,68,55,59,32,60,40,63,28,34,46,44,36,55,35,28,40,44,48,24,35,40,38,36,36,62,38,53,60,42,67,67,68,51,70,57,50,75,63,70,73,46,43,39,51,71,67,51,52,63,42,63,79,70,55,71,55,50,72,57,56,35,51,40,63,51,58,56,43,52,50,58,52,57,62,31,60,54,45,48,35,67,50,53,46,47,51,62,49,49,45,60,68,56,67,59,58,65,55,41,48,65,47,46,44,49,50,57,67,121,58,60,51,61,69,63,71,79,55,69,65,62,47,61,80,75,52,65,54,59,63,63,64,78,44,83,49,60,48,52,51,65,63,64,53,48,48,53,48,65,69,52,57,53,50,53,62,45,53,42,52,52,52,58,53,66,48,58,77,68,56,74,56,67,64,49,73,66,67,69
16,5,6,13,13,13,2,10,12,5,12,46,10,14,10,3,23,6,5,2,11,8,3,13,17,10,5,14,66,69,10,21,9,20,20,17,6,12,20,9,10,18,12,16,16,13,9,14,10,12,6,10,6,7,15,20,19,30,13,8,7,30,16,19,14,3,6,9,18,17,7,9,15,8,11,20,12,26,7,14,19,18,18,21,38,22,6,12,6,7,10,9,4,13,5,15,17,7,10,9,16,11,10,14,2,41,22,14,7,23,12,24,19,9,9,8,11,8,15,4,8,24,19,21,15,17,13,8,12,15,7,23,11,19,15,29,6,15,5,9,10,11,6,15,8,8,9,17,7,18,9,9,11,15,33,5,9,21,6,7,6,12,10,7,14,6,11,9,5,8,10,29,5,12,13,7,29,35,31,14,56,46,9
0,0,0,0,0,0,0,0,0,0,0,0,0,0,0,0,0,1,0,0,0,1,0,0,1,0,0,0,0,1,1,2,1,2,2,0,1,0,0,1,2,2,1,2,2,2,5,1,2,3,0,2,2,0,7,3,4,3,1,0,0,2,3,0,1,2,4,1,0,0,0,4,0,0,3,1,2,4,0,0,0,1,2,3,0,3,2,3,4,1,5,3,1,1,0,1,0,1,5,2,2,1,3,1,3,3,3,0,2,1,5,3,14,2,3,2,1,3,2,5,4,2,1,1,4,0,3,3,4,2,2,2,4,3,2,5,1,3,0,3,1,1,2,3,0,0,2,2,1,2,2,2,2,2,8,2,4,0,0,4,3,0,1,1,1,1,2,0,2,6,1,1,4,3,1,3,1,1,3,1,0,1,1
8fb3cef29f2c266af4c9ecef3b780e97
475,415,422,454,506,557,535,530,577,523,565,629,668,641,468,610,483,609,675,646,784,796,581,669,718,682,664,595,645,705,808,775,757,824,845,731,745,731,766,726,821,727,790,825,839,754,885,764,807,889,720,785,812,788,750,655,746,802,756,722,780,711,860,1010,863,774,988,918,875,794,689,660,814,896,836,796,657,905,776,824,767,938,1000,900,869,1033,961,877,904,770,689,688,836,803,866,745,910,776,805,783,761,825,883,836,618,722,808,697,715,661,727,591,687,805,709,715,776,678,638,624,675,768,692,704,665,626,706,755,721,698,1238,1334,1178,1156,1340,1152,971,931,825,757,735,795,710,781,749,907,2689,3326,3533,3365,3230,2969,2846,2914,2653,3610,3377,3337,3050,3147,2666,2632,2657,2616,2815,2715,2491,1968,2001,2261,2164,2177,2019,2198,1826,1838,1986,1809,1937,1829,1860,1896,1817
63,72,71,83,63,85,64,98,68,44,50,105,100,84,79,104,78,84,83,156,132,138,110,69,107,146,167,80,147,114,101,130,125,119,164,159,148,104,142,81,103,73,175,113,69,102,106,96,128,90,101,98,82,87,87,96,125,96,104,125,157,138,177,230,153,132,104,95,125,141,112,98,159,155,105,162,128,112,117,140,106,133,107,170,151,168,135,102,85,93,100,127,126,94,92,102,123,96,91,112,135,90,98,98,94,82,91,85,88,100,47,61,55,146,105,68,113,77,66,89,98,121,79,110,84,75,87,71,60,66,300,299,294,311,288,215,208,137,133,122,129,119,137,153,125,517,1043,833,769,587,557,472,558,621,554,647,559,449,496,457,464,416,300,371,358,314,378,286,279,313,266,215,254,240,299,267,223,160,242,266,249,257,256
1,1,0,0,0,0,2,0,2,0,0,1,4,1,0,0,0,0,1,0,0,0,1,0,0,0,1,1,1,9,10,8,6,12,13,15,11,11,9,20,12,6,7,10,8,13,21,5,14,11,9,10,12,10,5,4,8,8,8,18,17,5,15,19,13,5,12,9,13,13,8,3,6,8,8,14,5,7,4,14,10,15,9,6,8,17,11,14,8,11,5,15,16,7,16,21,14,2,11,10,17,9,14,17,6,5,6,6,6,8,5,12,8,23,7,1,9,0,2,21,11,10,3,13,4,8,7,8,6,14,73,27,26,15,21,11,9,13,14,6,6,15,11,9,11,67,147,104,79,83,63,49,44,61,72,89,78,53,55,56,38,35,29,32,44,23,29,27,32,27,18,23,42,33,26,26,23,24,20,30,24,20,27
bf21d16799b240d6e445fa30472bd50b
2,8,9,17,15,8,9,11,5,13,12,19,13,12,10,13,13,12,10,15,16,11,9,7,12,16,15,15,9,15,13,4,15,17,28,18,19,10,19,14,8,8,23,3,9,12,8,10,18,7,14,10,10,9,16,11,10,18,9,22,13,13,27,20,13,11,13,14,18,26,16,23,18,28,15,19,17,18,8,22,16,11,19,20,20,14,13,19,13,23,14,13,18,27,34,38,29,24,12,15,20,31,18,13,18,16,17,20,14,10,16,16,15,19,14,13,11,11,7,13,11,12,8,13,10,11,16,33,10,8,18,14,13,9,12,17,14,13,11,9,14,10,15,10,20,13,8,7,10,11,8,12,9,10,10,8,17,16,8,8,8,11,17,16,31,11,22,13,8,25,16,13,12,22,13,11,13,15,29,11,13,15,23
5,1,3,5,4,0,5,2,6,1,4,1,0,5,2,5,4,2,1,1,3,5,5,7,3,0,0,6,6,0,4,7,5,1,4,4,1,2,1,1,2,3,1,2,4,1,2,4,2,6,2,24,5,3,2,2,2,2,0,1,3,4,1,1,2,1,1,1,2,8,2,0,1,3,2,4,1,6,3,3,3,3,3,9,6,4,3,3,3,2,1,3,4,5,16,6,8,3,3,4,1,2,6,5,3,1,2,1,1,4,3,1,4,1,3,0,5,1,1,0,5,3,6,6,0,0,2,0,6,1,2,2,1,4,1,1,2,2,1,3,3,5,3,5,2,2,2,2,1,3,8,1,0,2,1,1,7,1,0,0,3,3,4,3,2,7,5,4,2,1,1,6,1,1,3,3,1,0,2,3,9,2,4
0,0,0,1,0,0,0,0,0,0,0,0,0,0,0,0,0,0,0,0,0,0,0,0,0,0,0,0,0,0,0,1,0,0,0,2,1,0,0,0,0,0,0,0,0,0,0,0,0,0,2,0,0,0,0,1,0,0,0,2,0,0,0,0,0,0,1,0,1,0,1,0,0,0,1,0,1,0,0,0,0,2,0,2,0,0,0,1,0,0,0,2,0,1,1,0,5,0,0,0,0,0,1,0,1,1,0,0,1,0,0,0,0,0,0,1,0,0,0,0,0,1,0,0,0,1,1,0,0,0,0,0,0,0,0,0,0,0,0,0,1,0,1,1,1,0,1,0,0,1,0,1,0,1,0,0,1,2,0,1,0,1,0,0,1,0,0,0,0,0,0,3,0,1,0,0,0,0,1,0,1,1,0
6f462b173b2d6d20a2c9fb1ec0fd2dda
225,181,253,336,294,435,904,991,599,393,407,382,370,325,323,269,281,244,237,212,208,205,199,228,180,228,206,362,376,314,261,288,266,311,305,318,281,263,282,263,269,277,307,286,290,299,212,261,228,346,252,252,253,249,271,234,346,239,246,194,198,230,204,319,222,221,274,251,242,212,307,250,220,266,222,248,226,307,230,211,224,207,221,224,306,180,180,213,250,238,242,304,297,222,227,293,365,921,903,871,497,347,365,310,307,400,430,478,403,322,299,292,421,299,276,261,273,249,245,274,223,227,252,277,261,233,291,273,248,328,312,376,319,412,408,431,383,365,385,336,362,320,303,246,293,270,245,289,246,246,274,255,282,269,319,300,258,368,280,310,209,264,246,255,256,286,258,205,274,247,249,273,249,249,178,237,273,228,264,240,247,217,276
68,61,83,96,97,115,272,284,157,74,84,87,77,42,59,40,47,31,33,40,35,20,24,26,24,33,77,116,78,48,39,64,50,54,42,41,42,38,31,33,37,43,55,69,41,36,39,37,40,36,23,37,45,32,29,35,41,25,29,28,19,43,53,38,31,52,111,30,24,41,66,32,32,33,29,23,29,45,43,40,37,16,34,34,29,34,34,41,105,23,21,29,35,28,21,41,147,385,271,371,125,86,130,94,66,93,62,101,92,59,88,48,38,61,23,34,53,36,64,55,35,36,31,25,51,36,48,40,38,56,68,86,88,87,102,97,88,54,69,68,91,59,60,30,46,45,47,35,34,38,50,90,69,73,52,42,38,44,55,38,39,37,36,58,38,29,41,40,42,31,35,33,29,32,29,44,48,45,44,36,45,32,58
0,1,1,1,2,2,0,1,0,1,0,0,1,0,0,1,0,0,0,0,0,0,0,0,2,0,0,1,1,6,2,3,5,1,4,5,9,1,5,3,8,7,4,2,6,9,1,4,3,7,8,4,3,4,3,3,9,3,4,6,3,5,7,6,7,3,4,8,8,10,6,3,8,9,3,6,7,10,5,1,3,5,2,3,12,4,6,5,2,8,5,12,5,5,3,4,16,25,24,16,6,5,5,4,10,12,13,10,12,3,10,12,13,9,5,1,8,6,3,6,5,3,2,7,8,4,5,2,6,8,12,17,11,14,10,10,14,18,13,14,5,9,9,4,9,7,6,9,3,4,9,4,13,4,7,4,5,5,6,7,6,5,8,8,6,6,5,4,11,4,7,10,3,4,2,7,5,3,4,4,2,11,9
023406156015ef87f99521f3b343f71f
368,361,332,349,334,351,369,359,357,401,393,604,557,408,480,456,405,352,307,352,494,556,505,456,647,549,605,475,562,555,574,635,757,659,560,543,591,608,679,640,711,777,709,569,620,563,677,642,632,670,609,727,720,581,635,541,569,535,544,540,519,432,421,456,455,425,487,467,412,405,342,352,469,420,436,454,375,496,383,413,424,364,462,361,375,357,388,349,378,403,387,393,409,370,393,375,398,326,355,401,386,364,349,377,321,359,366,281,385,362,346,341,374,337,342,402,348,330,363,353,338,356,316,374,324,328,362,389,376,352,380,305,288,322,322,316,336,357,350,295,305,296,259,297,312,337,285,328,334,308,353,511,445,386,334,419,445,392,400,358,345,356,338,364,349,351,394,311,360,348,326,405,383,359,381,357,353,413,316,361,364,349,372
25,55,41,45,60,51,94,92,52,50,76,97,120,72,74,84,38,41,123,102,114,161,136,92,203,126,176,142,147,163,132,132,177,167,86,166,198,220,151,150,134,130,164,108,123,99,123,136,86,176,137,120,80,89,70,43,48,27,32,36,46,33,35,30,47,43,53,45,87,23,49,55,71,35,55,44,41,99,30,29,49,44,26,29,43,22,63,22,51,34,40,50,31,42,47,38,29,28,30,31,31,29,46,30,32,33,49,30,42,23,24,33,38,33,33,16,36,34,42,39,21,46,22,32,44,30,35,15,25,25,30,49,44,40,47,31,31,27,25,31,25,19,46,41,48,32,24,22,35,24,27,90,52,62,47,68,70,27,71,38,35,54,42,34,46,33,39,40,43,48,44,33,47,37,62,62,43,73,41,45,42,46,54
0,0,0,0,1,0,0,3,0,0,1,1,0,0,0,0,0,3,0,0,1,2,0,0,0,0,2,2,1,5,8,5,8,4,12,13,7,8,10,15,6,7,7,4,6,6,17,8,7,13,10,19,5,10,11,7,7,4,7,5,3,7,7,2,6,8,5,5,4,6,2,6,9,4,5,7,3,7,5,7,5,2,3,3,2,7,4,4,13,9,7,12,4,6,4,11,5,4,2,2,3,4,4,3,4,2,7,2,4,7,8,5,3,7,9,6,2,11,4,4,4,6,9,9,3,8,2,5,9,6,2,10,5,0,7,7,5,5,7,12,3,2,3,9,13,2,9,8,6,4,2,11,3,6,7,7,6,5,3,4,1,5,6,12,5,7,8,11,6,2,4,8,3,4,10,11,5,8,4,4,4,11,9
b6a175a48743caed6d035444c069ab64
76,69,44,65,64,53,67,57,52,69,58,78,53,65,67,88,84,82,45,54,75,70,64,68,61,95,65,76,97,111,108,100,106,103,99,116,122,94,105,102,117,99,121,94,100,119,105,103,115,114,104,98,117,95,112,113,105,85,102,130,118,105,93,118,102,99,108,128,119,115,145,145,174,142,131,135,166,137,117,123,113,124,102,100,113,89,92,98,75,80,89,82,104,123,83,107,94,121,121,93,130,100,98,110,103,81,111,90,125,110,134,112,126,129,100,95,118,120,116,114,96,112,91,106,110,77,98,107,110,125,117,112,98,106,101,112,142,121,106,91,96,123,83,91,112,92,103,102,115,100,92,98,100,96,80,117,97,108,110,112,102,90,126,123,107,102,115,88,89,113,123,122,114,103,137,111,117,151,119,110,115,116,97
21,13,19,10,10,22,17,20,6,20,10,23,11,14,16,12,7,9,5,10,17,25,16,18,17,13,19,35,27,15,16,17,19,14,19,26,20,15,20,8,16,30,12,16,16,32,24,22,19,29,11,16,13,18,12,22,22,12,15,21,18,19,35,36,16,12,16,16,20,22,21,28,50,25,20,25,18,16,20,20,22,21,24,27,21,13,4,15,14,18,24,20,14,17,11,15,23,14,31,25,27,22,11,14,22,24,23,17,17,25,20,15,19,14,12,8,19,20,35,17,9,12,11,20,16,17,12,20,21,24,25,19,21,21,21,23,13,22,9,8,21,11,7,20,23,15,18,23,14,11,23,10,7,22,17,21,12,17,17,25,9,13,29,33,25,12,20,22,13,29,20,22,14,39,16,18,28,16,29,29,19,21,30
0,0,0,0,0,0,0,0,0,0,0,0,0,0,0,0,0,0,0,0,0,0,0,0,0,0,0,2,1,2,4,2,3,4,1,7,4,2,2,2,7,3,2,3,2,4,1,4,3,7,3,1,0,1,5,4,3,6,3,3,4,4,4,4,2,0,4,4,3,0,6,2,6,2,6,2,1,5,4,1,2,0,0,1,1,1,1,2,5,2,1,5,3,0,4,1,6,1,7,4,2,3,5,2,5,5,3,1,1,3,4,3,1,3,6,2,4,6,1,4,0,6,2,5,4,2,1,3,2,1,5,8,5,2,2,2,1,5,5,1,3,0,2,1,2,5,2,6,4,2,2,6,3,1,1,7,3,3,4,0,3,3,3,4,3,4,0,1,2,2,5,4,1,8,6,5,3,3,1,6,2,4,3
6bb4c3bbdb6f5a96d643320c6b6005f5
318,368,370,387,369,428,377,409,381,430,476,494,465,374,423,368,396,406,413,428,401,440,414,438,452,434,445,469,420,512,430,476,416,406,392,404,346,410,477,460,466,462,418,390,403,482,470,455,413,395,402,500,445,447,473,419,435,442,504,545,406,435,498,423,425,550,439,411,448,437,471,435,541,515,530,482,454,461,556,492,478,472,555,488,550,496,540,508,541,490,460,488,460,449,479,516,540,443,435,449,445,568,481,536,515,580,509,507,538,485,588,524,514,508,525,455,515,515,588,503,541,575,550,586,504,497,545,525,631,497,521,500,485,481,522,585,542,564,522,465,527,539,570,558,571,673,574,521,574,608,517,630,514,518,475,563,499,466,443,498,420,476,508,489,466,525,536,529,480,466,478,519,502,604,481,525,526,535,593,546,510,448,435
87,42,107,81,80,83,139,49,82,86,68,47,108,89,59,52,64,135,95,41,89,160,61,56,73,47,67,117,120,131,72,122,114,133,57,108,80,63,88,64,77,82,66,71,65,83,73,102,71,62,93,79,88,77,89,150,62,68,127,42,65,89,250,123,45,102,95,48,113,283,63,157,85,129,66,59,68,68,158,124,75,75,70,109,97,69,76,91,81,41,87,75,50,44,66,85,78,56,121,56,60,202,70,41,124,149,46,733,73,130,79,99,78,82,60,68,75,204,119,66,84,76,80,84,107,80,83,178,55,97,105,84,100,125,109,67,197,118,82,202,111,112,81,91,159,231,150,158,109,79,66,57,116,117,56,148,237,314,106,74,96,82,86,251,75,77,71,146,322,67,110,83,162,185,86,100,142,61,118,129,145,241,145
0,0,0,2,4,1,2,4,0,5,1,0,3,0,0,0,0,0,0,1,0,3,0,1,1,3,0,3,2,5,4,10,7,2,5,12,7,3,10,6,10,7,3,8,6,5,6,13,5,7,13,7,10,3,11,6,13,9,6,4,10,11,5,1,5,6,7,6,5,4,9,10,6,14,8,9,7,7,7,12,12,11,7,6,6,6,5,8,5,8,9,14,7,8,14,7,8,4,8,8,5,10,6,6,11,6,4,2,3,7,11,18,14,9,13,7,12,17,10,6,10,17,8,9,3,7,8,10,7,7,9,6,15,6,8,5,8,4,10,7,9,7,9,10,10,19,9,7,6,10,5,7,6,6,5,6,12,8,7,13,11,11,13,8,9,7,10,10,14,9,9,11,8,17,12,10,10,11,11,15,19,9,10
